111111111111111111111111111111111111111111111111111111111111111111111111111111111111111111111111111111111111111111111111111111111111111111111111111111111111111111111111111111111111111111111111111111111111111111111111111111111111111111111111111111111111111111111111111111111111111111111111111111111111
111111111111111111111111111111111111111111111111111111111111111111111111111111111111111111111111111111111111111111111111111111111111111111111111111111111111111111111111111111111111111111111111111111111111111111111111111111111111111111111111111111111111111111111111111111111111111111111111111111111111
113333000000333333333333333333033333333333300300000000003333333003333333333333333333333333333333333333333333333333330003333333333333333333333333333333333333333333333333333000333333333333333333000000000000300000000000000000000000000000000000000333000000000000000000000000000000000000000000000000000011
113333333333333333333333333333333333333333330000000000003333333303333333333333333333333333333333333333333333333333330000333333333333333333333333333333333333333333333333333333333333333333333333330000000000000000000000033300000000000000000000000300300000000000000000000000000000000000000000000000000011
113330333333333333330333333333333333333333330000000000000033000003333333333333333333333333333333333333333333333333330000333330033333333333333333333333333333333333333333333333333333333333333333333000000000000000000000000000000000000000000000003300000000000000000000003000000000000000000000000000000011
113300033333333333303333333333333330333333333330000000000000033003333333333333333333333333333333333000333333333333330000333333303333333333333333333333333333333333333333333333333333333333333333333000000000000000000000000000000000000000000000003030000333000000000000000000000000000000000000000000000011
110333330330333330333333333333333330003333303333300000000000030000333333333333333333333333000033333333333333333333333000333333303333333333333333333000333333333333333333333333333333333333333333333000000000000000000000000000000000000000000000030333000000000000000000003300000000000000000000000000000011
113333333300003330333333333333333330003333303333333000000000033330333333333333333333333333000033333333333333333333333333333333333333333333333333333000333333333333333333333330033333333333333333333000000300000000000000000000000000000000000000333000000000000000000000000300000000000000000000000000000011
113333333000000000333333333333333333330033303033333330303000003333333333333333333333333333000033333333333333333333333333333333333333333333333333333000333000000000333300333333333333333333333333333000003000000000000000000000000000000000000000030000000000000000000003000000000000000000000000000000000011
113333333300000003303333003333333333330003330033333333330300000333333333333333333333333333333333333333333333333333333333333333333333333303333333333000000000000000333330333333333333333333333330300000003330000000000000000000000000000000000000000000000000000000000003030000000000000000000000000000000011
113333333330030000333300303333333333330003333333333333330300000003333333333333333333333333333333333333333333333333333333333333333333333303333333333333333000000000333330333333333333333333333330030030033300000000000003300000003000000000000000000000000000000000000003330000000000000000000000000000000011
113333333333333030333330000333333333330000333333333333330030000000333333333333333333333333333333333333333333333333333333000033333333333333333333333333333333333000333330333333333333333333333330033330033300000000000000333300003000000000000000000000000000000000000000330000000000000000000000000000000011
113333333333333303333330000033033330333000033333333333333333000003333333333333333333333333333333333333333333333333333330333333333333333333333333333333333333333333333000333333333333333333333333333330033330000000000000333300003000003300000000000000000000000000000000000000000000000000000000000000000011
113333333333333303333330000033033330333300003333333333333333000003300333333333333333333333333333333333333333333333333333333333333333333333333333333333333033333333333000333333333333333333333333333330333330000000000000033300000000003000000000000000000003300000000000000000000000000000000000000000000011
113333333333333333333333030033033330333333303003333333333333300000000000333333333333333333333333333333333333333333333330333333333333333333333333333300000003033333333000333333333333333330333333333300033333000000000000033300000000003000000000000000000003330000000000000000000000000000000000000000000011
113333333333333333333300333333333333333333330033333333333333300000000000003333333333333333333333333333333333333333333333333333333333333333333333300000000000000000333330333333333330300030030003333003333333330000000000333330000000000000000000000000000333330000000000000000000000000000000000000000000011
110333333333333333330300033333333333333333330033333333333303300000300000000000000333333333333333333333330000003333333333333333333333333333333000000000000000000000003333333333333300333333333333300033333333303000000000333300000000000000030000000000000003330000000000000000000000000000000000000000000011
113033333333000033333000000303333333333333330003333333333000000000300000000000003333333333333333333333330000000000033333333333330030333333300000000000000000000000003333333333333333333333333333333333333333303300000003333000000000000000003000000000000003330000000000000000000000000000000000000000000011
113033333333000033330300000003333333333333333303333333333330000000330330003000000333333333333333333333330000000000003330000000000000300000000000000000000000000000000000333333333303333333333333333333333333333330000003330000000000000000000300000000000000000000000000000000000003300000000000003000000011
113333333333000033330300000000333333333333333333333333333330000000330333333333330033030000330333333333330000000000000000000000000000000000000000000000000000030000000003333333333003333333333333333333333333333330000003300000000000000000000000000000000000000000000000000000000003000000000000000000000011
113333333333300033330000000300003333333333333333333333333333000000033333333333330330000000000003333333333333333300003030000000000000000000000000000000000000333333300000003333333333333333333333333333333333333333000033300000000000000000000000000000000000000000000000000000000000000000000300000000000011
113300003333330333330000000000000033333333333333333333333333000000003333333333333330000000000003033333333333333303333000300000000030000330000000000000000003333333330000333333330333333333333333333333333333333333333333000000000000000000003003000000000000000000000000000000000000000000000000030000000011
113300003333330333330000300030000033333333333333333333333333300000003333333333333333000000000000303333333333333303333333330333333333333333330003333333000003333333330000033333333333333333333333333333333333333333333333000000000000000000300030000000000000000000000000000000000000030000000000000000000011
113330003333333333333333300330000003303333333333333333333333300000003033333333333333333333333333333333333333333333333333333333333333033333333333333333033303333333333000033333333333333333333000333333333333333333333333000000000030330000000000000000000000000000000000000000000000000000000000000000000011
113330000003333333333333333000000003300303333333333333333333330000000000333333333333333333333333333030333333333333333333333333333333333333333333333333333333333333333000033333333000333333330000000033333333333333333333330000000333333000000000000000000000000000000000000000000000030000000000000000000011
113333300003003333333333333000000000330003333333303333333300030000000303333333333333333333333333333000333333333333333333333333333333333030333333333333333333333333333300033333333000333333330000000033333333333333333333333300000300003000000000000000000000000300000000000000000000000000000000000000000011
113333333000003333333333333330000000300003333333333333333300333300000003333333333333333333330333330033333333333300333003333333333333303300333333333333333333333333333300033333300333333333330000000033333333333333333333333333000033033000000000000000000000000330000000000000000030000000000003000000000011
113333333333003333333333333333003000000033333033333333333003333000000000333333333333333333333330003333330033333330333303333333333333333000333333333333333333333333333300003333330333330333333000000333333333333333333333333033000003003300000000000000000000000333000000000000000000000000000003300000000011
113333333333333333333303333333033000003033330333300333333333330033000000033333333333333333303333003333330033333330033333333333033333333003333333333333333333333333333300003333330333330333333333333333333333333333333333033333300000003333000000000000000000000000000000000000000000000000000000030000000011
113333333333333333333333333333033300303000003333330333333333333333000000033333333333333333033333033333333333333330003333333333333333333333333333333333333333333000033300000033330333333333333333333333333333333333333333330333333000000330000000000000000000000000000000000000000000000033000000000330000011
113333333333333333033333003333330000003033333333333333333333333333333300033333333333003333333333333333333333333333003333333333333033333333333333333333333333333333303330000033303333333333333333333333333333333333333333333333333030003303300000000000000000000000000000000000000000000000000000000333000011
113333330003333333333333003303333300030030333333333033333333333333333000033333333333003333333333333333333333333333033333333333333333333333333000333333333333333333333330000033303333333333333333333333333333333333333333333333333033033033300000000000000000000000000000000000000000000000000000000003300011
113333333003333333333333303303333333330300003333333003333333333333333000003333003333003333333333333333333030333333330000333333333333303333333333333333333003333333333330000003303333333333333333333333333333333333333333333333333333333333330000000000000000000003000000000000000000000000000000000000330011
113333333333333333333333333333333333333330000333333000000333333333333000033333333333003300033333033333330033330333330000000333033333333333333333333333033333333333333330000003303333333333333333333333333333333333333333333333330333333333000000000000000000000000000000000000000000000000000000000000033311
113303333333033333333333333333333333333330000333333300003333333333333000333333333333003000003333033333330033330333333330000333033333333333333333333333033033333333333333000003303333333333333333333333333333333333333333333333333330333303300000000000000000000000000000000000000003000000000000000000003311
110333300000033333333333333333333333033330333333333333333333333333330000333333330333000003000333333000033333330333333303333333333333333333333333333333333333333333333333300000333333333333333333333333333333333333333333333333333330033033300000000000000000000000000000000000000003333000000000000000000011
110303303333333003333333333333333330033330003333333333333333333333030000033333330000003033000000333000003333333333333330303333333333333333333333333333333333333333333000330000333330333333333333333333333333333333333333333333333033333333330003000000003300000000000000000000000003333330000000000000000011
110333003333333333000333333333333003333333000333333333333333333333000000333333333003303333300033333000000000333333333330303303333333333333333333333333333303333033333000000000003333333333333333333333333333333333333333333333333033330333330033000000033300000000000000000000000033333330000000000000000011
110000033333333333300000333333330333333333300003333333333333333333000000333333330003333333300033333300000000030000003330003030333333333333333333333333333333333003000333330000003333333333333333333333333333333333333333333333333033333333333333030000333300000000003000000000000033333303000000000000000011
110000030333333333303333303333333333333333000000330333333333333333000003333333333333333333333333003333333330000033033333003000333333333300333333333330333333333303333333330330000033333333333333333333333333333333333333333333333333333333333333330003333330000000033333000000000330003303000000000000000011
110000000000330330033333330333303333333033000000330333030303333333000003333333333333333033333333333333333300003333333333330003033333333330333333333330333333333333333333333330000003333333333333303333333333333333333333333333333333333333333333330033333333000000333333333000003333003303000000000000000011
110000000000000000003333333333333333333303330000333330000000330333000003333333333333330333333333333333333000033333333330333333333333333333333333333333333333333333333333333333300000330000333333333333303333333333333333000000333333333333333333300000333333333333333333333000003033303030330000000000000011
110000000300000000003333333333333333333333333003333330000000000333300003333333333333333333333333333303330000033333333033033333333333333333333000333333333333333033333333333333300000033000333333333333333003333333333333330000000000333333333033300000333333333333333333330000003333033330333000000000000011
110000000000000000000000000003333000333333333333333330000000003333000003333333333333333303333333333303330000033333333033333333333333333333333333333333333333333030333333333330330000003000333333333333333333333333333333330000000000333333333033330000333333333333333333330000033333003300303000000000000011
110000000000000000000000000000000300033333330000333333333333333333300003333333333333333333333333333333333003333333333333333333333333333333333333333333333333330303333333333333330000003000000000333333333333303333333333333333000000000333333033333333333333333333333333333000003333333330000300000000000011
110000000000000000000003000003000000003333333300333333333333333333300003333333333333333333333333033333333333333333333333333333333333333333333333333333333333333033333333333300000000003303000003000333333333300333333333333333000000000333333033333333303333333333333333333330000000003330333000000000000311
110000000000000000000000000000000000003333333333333333333333333333300033333303333333333333333333333333333033333333333333333333333333333333333333333333333333333033333333333300000000000303000003333333333333300333333333333333000000000333333333333333330033333333333333333330000000003300333033300303030311
110000000000000000000000000000000000000003330033333333003333333333300003333303333333303303300333333333333033333333333333333333333333333333333000333333333333333333333333333330300000000033333003333333003333330333333330333333330003333333333330003333330000333333333333333330000000000033330003330300333311
113000000000000000000000000000000000000033333333333333000333333333300003333333333333333333300333333333333333333333333333333333333333333333333333333333333333333330333333333333000000000000333330333333000333333003333330333333330033003333333333000000000333033333333333333333000000000033330333033033333311
113333300000000000000000000000000000000033333303333333000033333333300003333330000003333333300333333333333333333333333333333333333333333333003333333333333333333330333333333333000000000000333333333333003333333333300000033333003333003333303333333333330003333003333333333333000000000003333330030303333011
113333333330300000000000030003300000000033333330333333300033333333330003333333333000333333333333333333333333333333333330333333333333333330333000033333033333333330333333333333333000300000033333333333333333333333333300000003333333333333003333333333003003333333333333333333000000000000000333033333333311
110030330030300003000000000000000000000003303333333333333333333333330003333300333333333333333333333330003333333333333333333333333333333333333333333333333333333333333333333333333333000000003333333333333333303333333330330000333330333333333333333333030000333333333333333333000000000000000030333033033311
110030003330030000033003333333000000000000333333333333333333333333330003333030003333333333333333333330000003333333333333333333333333333333333333333333333333333333333333333333333333030000003333333333333333333303333333030033333333333333333333333333330000333333333333333333000000000000000000333000000011
110000003303000003003333333333333330000000003333333333333333333333300003333330000000333333333333333300000003333333333333333333333333333333333333333333333333333333333333303333333333330000000333333333333333333000003333003330303333333333333333333333330003033333333333333303330300000000000000000033000011
113000000000003000003303333333333330333000300333333333303003333333300003030000003000330033333333333330000000333333333333333333333333333333333333330000333333333033333333300333333333333300000333333333333330000000033333330000003333333333333333333333300000333303333333333333333333300000000000000000000011
110333000000000000000000333333333333333303003333333333003003333333300003300000033033330333333333333333000030333333333333333333333333333333333333330000333333333333333333333033333333333330000033333333330003000000033333330000033333333333333333333333300000333003333333333333333333330000000000000000000011
110003333000000000000000333333333333300033000003333333333333333333000033303000003333330333330333303333333330030033333333333333333333333333333333330000333333333333333333330330033333333333000033333333000330330000033333333333333333333330333333330333333033300333333333333333333333333000000000000000000011
110000003000000000000003333303333333003033333333333333333333333333300033300000003333333333300033333333333330003033333333333333333333333333333333333333333333333333300333333330333333333333000003333333333300000000333333333333300030000003333333333333333000330333333333333333333333333333000000000000000011
110000000000030000000033333300333303003333333333333333333333333333003333000000333333333333303033333333330330303333333333333333333333333333333333333333033333333333333333333333333333333333330003333333333300000000333333333333330030000003333333333333333333333333333333333333333333333333300000000000000011
110033000000033000003333333030030303333333333333333333330333333000003333330003333333333333333333333333330033303333333333333333333333333333333333333333003333333333333303303333333333333333333000333333333330300003333333330333333333333303303333333333333333333333333333333333333333333333333300000000000011
110003330000030330000000003000330330300333333333333333330000000000000333300033333333333333333333333333333333333333333333333333333333333330000333333333333333333333333303333333333333333333333330000333333333333033333333333333333333333333330303333333333333333333333333333333333333333333333330000000000011
113003030003333330000000000000033330303333333333300030000000000000003333333333333333333333333333330033333333333333333333333333333333333333000000033333333333333333333333333333333333333333333300000033333333333333333333333333333333333333333333333333333333333333333333333333333333333333333333000000000011
113333333000033330000000000000000000000000000000000333303333000000000333330003333333333333333030000003333333333333333333333333333333333333330333333333333333333333333333333000333333333333333333000003333333333033333333333330333333333333333333333333333333333333333333333333333330000000333333333000000011
113333333330000033000000000000000000000000000033333333330033000003333333333003333333333333333333000000333333333333333333333333333333333333333333333333333333333000000333333000033333333333333333000003033333333033333333333330333333333333333333333333333333333333333333333333333330000000033333333300000011
113333033333000033300000000000000000000000000330000033333333300033333333333033333333333333333333300003333333333333333333333333333333333333333333333333333333333000000333333333333333333333333333000003333333333033333333333333333333333333333333333333333333333333333333333333333330000000333333333333333311
113333333330300033330000000000000000000000000333333333333333300033333333333333333303333333333333333333333333333033333333333333333333333333333333333333333333333000000333333333333000000003333333333330333333330033333333330033033333333333333333333333333333333333333333333333333330000333333330000000333311
113333333333330003333000000000000000000000000333333333333333300003333333333333333303333333333330333333333333333333333333333333333333333333333333333333333333333333333333333333333330030033333333333330000033333333333333330033333003333333333333333333333333333333333333333333333330000333333333333300000011
110033330333333003333000000000000000000000000000003333033333000003333333330333333333333333333333333333333333333333333333333333333333333333333333333333333333333333333300333330333333033333333333333333300003333333333333333333300003333333333333333333333333333333333333333333333330000000333333333333000011
110003333333333000333000000000000000000000030000033330030300300003333333333330333333033333333333333333333333333333333333000033333333333333333333333333333333333333333333333333330333033333333333333333330033333333333333333333000003333333333333333333333333333333333333333333333330000000003333333333000011
110003303033333330033330000000000000000000000000000003333003300003300033333333333333333333333333333333333333333333333333000033333333333333333333330333333333333333333333333003003333333333333333333333333003333333333333333333000033333033303333333333333333333333333333333333333333330000333333333333333311
110033330003333333003330000000000000000000000000003003330000000003300333333333333333333330333333333333333333333333333333333333333333333333333333333333333333333333333330333300330333333333033333333333333000033333333333333333000033333033333333333333333333333333333333333333333333330333333333333333333311
110000333303333333003330000000000000000000000000000030333333000003000333333333333333333330033333333333333333333333333333333333333333333333333333333333333333333333333330333300303333333333033333333333333330003333033333033333030033333333333333333333333333333330333333333333333333330333333333333033333311
110000000330333333300003000000000000330000000000000333000333000003003333333333333333333333333333303333333333333333333333333333333333333333333333333333333333333333333330333033333333333333333333000000033333003333300000003333000033333333333333333333333333333333333333333333333333333333333333333333300311
110000000000033333330000000000000000000000000000000030003333000003003333333333333333333333333333333333333333333333333333333333333333333033333333333333333333333333033333333333333333333333333333000000033333003333333000003333000030000333333333333333333333333333333333333333333333333333333333333333000011
110000000000003333333000000000000000300000000000003300003000030000300333333333333333333333333333333333333333333333333333333333333333333333333333333333333030333330033333333333333333333333333333000000033333003333333000003333030333000333333333333333333333333333333333333333333333333333333333330333000011
110000000000030033333000000000000000000000000030033000000303333000030033333333333333333303333333333333333333333333333333333333333333333333333333333333333333333333333333333333333333303333333333000000003333033000333333033333333333333333333333333333333333333333333000033333333333333333333303330033330011
110000000000003333333330000000000000000000000000003030000333333333003033333333333333333003333333333333333333330333333333333333333333333333333333333333333033333333333333333333333333333333333333333333003333333003033333333333003333333333333333333333333333333333333000033333333333333333333303333333000311
110000000000000003333333000000000000000000000000030330000333333333003033333333333333333033333333333333333333300333333333333333333330333333333333333333333333333330333333333003333333333333333333333333033333333000003333333333303333333333333333333333333333333333333000033333333333333333333300333333000311
110000000000000003333333000000000000000000000000000000000333333333300333333333333333333333333333333333333333003333333333333333333330000333330333333333333333333333333333330003333333333333333033333333333333333000003333333333333333333333333333333333333333333333333330003333333333333333333330333333300311
110000000000000000333333300300000000000000000000000000303333333333330003333333333333333333333333333333333333333333333333333333333333333333330333333333333333333333033333330003333333333333333033333333333333333330033333333333330033333333333333333333333333333333333330003333333333333333333333333333330311
110000000000000000003333330033000000000000000000000000333333333333333000333333333333333333333333333333333333333333033333333333333333333333330333333333333333333333333333330003333333333333333033333333333333333333333333333333300003333000000333333333333333333333333333003333333333333333333033333333330311
113330000000000000303333333003000000000000003000000000033333333333333330330333333333333333333333333333333333333330033333333000000000333333333330033333333333333333333333333000003333333333003000333333333333003330330033333333333033333333333333330333333333333333333333333333333333333033000333333333000311
113300000000000000003333333303030000000000000000000000330333333333333333033333333333333333333333333333333333333330033333333000000000333333333333033333303333333333333333333303333333333333003333333333333333003333330000033000000033333333333333330333333333333333333333333333333333333033333303333333333011
113000000000000000003033333330303300000000000000000000300333333333333333033333333333333333333333333333333333333330033333333000000000300333333333033333303333333333333333000333333333333333000333333333333333003333330000003300000033333333333333330333333333333333333333333333333333333033333303333333333311
110330000003000000000333333333333300000000000000030030333333333333333333303333333333333033333333333333333333333330333333333000000333333333333333333333003333000000333333333333333033333333333333333333333333333333033300000333333333000333333333000000330333333333333333333330333333333333333333333333333311
113333333333300000000033333333333000000000000000000033003333333333333333303333003333333333333333333333333333333333333333333333000333333333333333333333033333333333333333333333333000303333333333333333333333333333333330000333333333333000333333333333330000333333333333333330333333333333333333300003333311
113333033300000000000003003333330000000000000000330333003333333333000333303333003333333333333333333333333333303333333333000333000333333333333333333330033333333333333333333333333333333333333333333333333333333333333333000030333333333000333333333333333000333333333333333330333333333333333333300003333311
113333003000003300000000000303033330300000000000000003333333333333333333333333003333333333333333333333333333033333333333333330000333333333333333333330333333333333333333333333333333303303003330333333333333333333333330330000333333333333330333333333333333303333333333333333333333333333333000033333333311
110330030000003300000000000000333330330000000000033000300333333333333333303333003333333333333333333333333333333333333333333333333333333333333033333333303333333333333333333333333333333033333333333333333333333333333330333000033333333333333333333333333333333333333333333333333333333333300303333333333311
110000000000000330000000000333333333330000000000003333300333333333333333303333333333333333033333333333333333333333333333333333333333333333000033333333333333333333333333333333333333333333333333333333333333333333333300333000003333333333333333333333333333333333000333333333333333333333303333303333333311
110303000330000030000000000333333333300000000000000333300003333333333333033333333333333333333333333333333333333333333333333333333333333333333333333333333333333333333333033333303333333333333333333333333333333333333333333000003333333333333333333333333333333303333333333333333333330333333330003333333311
110000003330333003000000003003333333330000000000003330000000333333333333333333333333333333333333333333333333333333333333333333333333333333333333030333333333333333333333333000333333333333333333333333333333333333333333333330000333333333333333333333333333333330030303333333333330000333333333333300333311
110000033333000003000000000003333333000000000000003330000000333333333330330033333333333333333333333000333333333333333333333333333333333333333330003033333333333333333333333300333333333333333333333333333333333333333333333330000333333333333333333333333333033330030303333333333333333333333333003300333311
113000333333000003000000000000303333333300000000033000000333333333333303333333333333333333333333333000033333333333333333333333333333333333333330003033333333333333333333333033333333333333333333333333333333333330333333330330000033333333333333333333333333033330033333333333333333333333333000000003333311
113333333330000000000000000000000033330000000000330000000300303330330003333333333333333333333333333333333333333333333333333333333333333333333300303333333333333333333333000033333333333333333333333333333333333000333333330330000033333333333333333333333330333330333333003333300300033303333000000000333311
110330033000330000000000000000000333330000000000333300000003333333300033333333333333333333333333333333333333333000000000333333333333333333333303303333333333333333333000000033333333333333333333333333333333333000303333330330000033333333333333333333333333333003333330003333330033333303333000000000300311
113000033000033000003300000000000333330000000000300000000030333333000333333303333333333333333333333333333333333333300000333333333333333333333333033333333333333333330000000000333333333333333333333333333333333333303333033333000333033333333333333333033000330333330033333333300333333333333000000000000011
110000030000333330000000000000000333333000000000000000000300000030000333333333333333333333333333333333333333333333330000333333333333333333333333333333333333333333330000000000333333303303333333333333333333333303333333003333000333333333333330333333000000333333333333333333033333333333330000000000000011
110000030000330300000000300000000333333000000000000000000333033333000333333333333333333333333333333333333333333333333000333333333333333333333333333333333333333333330000000000333333303330333333333333333333333333333333330330000033333333333333333333000000000003333330333330333333333333330000000000000011
110000003333030330000300030000000033333303000000000000000000003330003333333333333333333333333333333333333333333333333333333333333333333333333333333333333333333333333000333000003333333333333333333333333333333333300333330033000333333333333333333300000330030000333303330003333333333333333330000000000011
110000000333330030033333300000000003333330300000000000003330000030000333333333333333333330333333333333333333333333333333333333333333333333333333333333333333333333333333333000003333333333333333333333333333333333333333333003300303333333333333333000333333300030000333030000333333333333333330000000003011
110000000003333300333333030000000003333333300000000000000000000000000333333333333333333300333333333333333333333333333333333333333333333333333333333333333033333333333333333000003333333333330333333333333333333333333003333003300003333330333333333300333333003030300300000000003333333333333330000000033311
110000000333330300333300000000000000333333000000000000000000000000000333333333333333333003333333333333333333330000333333333333333033333333333333333333333333333333333333333000033333333333333333333333333333333333333300333033300003333333333333330003333330300033330000000000000000333333333333000000333311
110000000003333003003003000000000000333333300000000000000000000000000333333333333333333333333333333333333333333333333333333333330333333333333333333333333333333333333333333333033333333333333333333333333333333333333300333333300003333333333333330303333330003333000000000000000000000033333333000000033311
110000000003333303330003000330000000033333300000000000000000000000000333333333333333333333333033333333333333333333333333333333330333333333333333333333333333333333333333333333033333333333330333333333333333333333333333333333300003333333333333303333333330033333030330000000000000000003030333000000003011
110000000000003333333000030033000000003333300300000000000000000000000333333333333333333333330033333333000000000333333333333333330333333333333333333333333333333333333333333000033333333333333333333333333333333333333333333333300000333333333330033333333333333333333333300000000000000000030003000000000011
110333300000000030333330000033300000000333330000000000003000000000000033333333333333333333330033333333000000000333333333333333333333333333333333333333333333333333333333333333333333333333333333330033333333333333333333333333300000333333333333333333333333333333333333330000000000000000330000000000000011
113333330000000333333333000033330000000333330000000000003000000000000033333333333333333333330033333333000000000300333333330333303333333333333333333333333333333333333333333333333333333333333033333333333333333333333333333333330000330333333333333333333333333333330333300000303000000000333330033000000011
110333333000000003033033000003330000000033333030000000000000000000000033333333333333333333330333333333000000333333333333333333003333333333333333333333333333333333333333333333333333303333333000333333333333333333333333333333300000330333330333333333003333333333333333330003333030000030333330033330000011
110000333000000000000033330003333000000003333033000000030000000000000033333333333333333333333333333333333000333333333333333333003303333333333333333333333333333333333333333333333330303333333003333333333333333333333333333333300000033333303333333333333033333333333333330030303003330030003333333330000011
110000033300000000000033303003333300000003333033000000033000000000000033333333333333333303333333333000333000333333333333333330330333333333333333333333333333333333333333333333333330333333333003033333333333333333333333333333300000330333303333000033330003333333333333330033003003030300033333333000000011
110000000330000000000003333330003300000000333033000000000000000000000033333333333333333033333333333333330000333333333333333333303333333333330333333333333330333333333333333333333333333333333000333333333333333333333333333333300003333333333333300000003000333333333333330003003303333333333333333000003311
110000000003000000000000333000000330000003333333000000000000000000000003333333333333333333333333333333333333333333333333333333033333333333333333333333333333333333333033333333333333333333333333333333333333333333333333333333333333333333333333300000033333333333333333330000333330333333333000303333303311
113000000000300000000003033000000030000000333033000000000000000000000003333333333333333333333333333333333333333333333000333330033333333333333333333333333333333333330033333333333333333333033333333333333333333333333333333333333333333333333330333000333333333333333333300000333303003033333000303033303311
110000000000030000000000333330000000000000033303000000000000000000000033333333333333333333333333333333333333333333333333333330333333333333333333333333333333333333330333333333333333333333033333333333333333333333333333333333333333333033333303333000000333333333333333300033333303333033333000333000003011
110000300003000000000000000330000030000000033333300000000000000000000033333333333333333333333333333333333333333333333333333030333333333333333333333333333333333333330333333333333333333333333333333333333333333333333333333333333333333033330333303303300003333333333333330303333300000333333333333333030311
110000030000330030000000000000000030000000003303300003000000000000000003333333000333333333333333333333333333333333333333330003033333333333333333333333333333333033033333333333333333333333333333333333333333333333333333333333333333330003333300333000000003333333333333000333333303000003333333333333330311
110000000000000003000000000000000000000000033333330000000000000000000303333333000033333333333333333333333333333333333333330003033333333333333333333333333333333333330333333000333333333333333333333333333333333333303333333333333330000333333333333000000003333333333330000333333330303333333303333333333311
110000000003030000030000000000000000000000000330330000000000000000000000333333333333333333333333333333333333333333333333300303333300333333333333333333333333330333333333333333333333333333303333333333333333033333033333330333333333333333333333333333333003033333333300003333300330333333333303333333333311
110000000003333000030000000000000000300000000330330000000000000000000000333333333333333333333000000333333333333333333333303303333333333333333333333333333333333333330333333333333333333333330333333333333333333333333330333333333303033033333300033333003000333333333333003333333330333333333333333333333311
110000000000333000000000000000030300000000000030330000000000000000000333033333333333333333333300000333333333333333333333333033333333333333333003333333333333333333330330333003330333333333333333333303333333333033333333333333333330300333333000033333333030333333303033033333333330333333333333333303333311
110000330000000000000000000000000300000000000330330000000000300333003333003333333333333333333330000333333333333333333333333333333333333333333000330333333333333333333303330003330333333333333333333330303333333333333333333333333333000003333330033333333333333333003300003333333330300333300003333303333311
110000000000000000000000000000000300330000000030333000000003330003033330030333333333333333333333000333333333333333333333333333333333303333333333003333033333333333333303300003330333333333333333333330333333333333333333333333333300333003333333333333333333333333333330003333333330333333333333333303333311
110000000000000000000000000000003000300000000000333000000003333003003303300333333333333333333333333333333333333333333333333333333333333333333333333333000330333333333033330333333333333333303333333330003333333333333333333333330000333333333333333333333333333333333330000333333330333300000003333333333311
110000000000003000000000000003333000300000000000333000000000033333003333333333333333333333333333333333333333333333333333333333333333333333333333333333000000333333333333330003333333333333333333333333000333333333333333333333333303333333333333333333333333333333333330303333333330330003000000333333333311
110000000000000000000000000333333003330000000003033000000000333330003303333333333333333333333333333333333333333333333333333333333333333333333333333330000000333333333333330003333333333333333330333303000333333333333333333333333303333333333333333333333333333333330030300333333330330033300000030333333311
110000003300000000000000000333330003000000000000033000000000003333333330333333333333333330000333333333333333033333333333333333333333333333333333333333000000033333333333300000333333333333333333330000003333333333333333333333333330333333333333333333333333333333333333303333330330033000300000000033333311
110000003000003000033333000330000000000000000000003000003333333000000333333333333333333333333333333333333330333333333333333333333333333333333333333333300000033333300003330000333333333333333333000003333333333333333333333333333300333333333333333333333333333333333330003330033333000000000000000033333311
110000003000000300003300300000033303000000000000003000000033333300000333333333333333333333333333333333333330333333333333333333333333330333333333333333333300033333000303330000333333333333333333000333333333333333333333333333333000333333033333333333333333333333333330003330003333303000000000000003333311
110000030000003303003330000003333333300000000000333000003000033330000300003333333333300000333333333333333330333333333333333333333333333333333333333333333330030003000330000333333333333333333333333333333333033333333333033333333003003333033333333300333333333333333330003333333330303300003303300003033311
110000030000033000003300000003333333033300000000333000003003333303330000000033333003333333333333333333333333333333333333333333333333333303333333333333333330333000000333303333333333333333333333333333333333333333333333033330033333333333333333333300303333333333333333000033333333330330033330330003000311
110000000000333000003003000330333330033300000033333000000000000003330000030033333300003300033333333333333303333333333333333333333333333333333333333333333333333330000333333333333333333333333333333333303333333330033333033333030033303333333333333333333333333333333333000003333333330333333333330000330311
110000000000330000000033003333333333333330000333333000003333300000000000333333333333333300033333333333333003333333333333333333333333330333333333333033333333333333330333333333333333333333333333333333333333333333333333333333330033033333333033333333333333333333333333330000333333033333333333333333333311
110000030000000000330333003333333333333300033333030000033333333330000000000000000033333303330333333333333003303333333333333333333333333333333333333333333333003333330333333333333333333333333333333333333333333330033333333333333333033333333303333333333333333033333333330000033330033303333303333333333311
110003003003000000003333003333333333333300033303000000003333330000003000000000000000000000000000000003330330333330033333333333333333333333333333333333333330000333330333333333033333333333300333333333333333333330003333333333333333333333333333333330330333330033333333333000003330333330333333333333333311
113333000303033003003333303333333333333300000003333000000000000000000000000000000000000000000000000003333333330000333333333333333333333333333333333333333333000333330333333000333333333333303333333333333333333333333333333333333333333333333333333333330333000333333333333300003333333330333333333333300311
113333330003300000003333303330333330033000000000033000300000000000000000000333333333003003333333333333333333333000000000000033333333333333333333333333333033333333303333333333333333333333333333333333333333333333333330333333333333333333333333333333333333000333300333333330300333333330003333333333003311
113333030030300300333333003333333330333300000000000000000000000000000000333333333303333333333333333333333333333330000333333000000000333333333333333333333333333333303333333333333333333333333333333333333033333333333330333333333333333333333333303333333333300330303333033333330033033330333333333330333311
113333033000300003333330033333333333000000000000303300000000000000000003333333333303333033333333333333333333333333303333333300000000000003333333333333333333333333033333333033333333333333333333333303303333333333333303333333333333333333333030333333333333330333303333303333330033333330333003333333333311
110030003333330033333333003333033000000000003333333330000000030003333333033333303333303300033333333333333333333333333333333333003300000000003333333333333333333333033333333333333333333333333333333303333333333333333333333333333333333333333000333333333333333030333333333033330033333333303333333333303311
110000000033300333333303330333000000000003333333330330000000330333333330000003333333033003333333333333333333333333333333333333303300000300000033333333333333333033330033333333333333333333333333333333303333333333333033333333333333333333333330333333303333333000333333333333330033333330333333333333333311
113300000000000333333333030000003000000033333333300330000030333333333300000033330333030000033333333333333333333333333333333333333300030333000000333333333333333333333333333333333333333333333333333333333333333333333033333330333333333333333333333333333333333000003333333333330033333330333333333333333311
110000000300030033330300333000300000000333333333000030000003333333330003000333003333030000033333333333003333333333333333333333333333330033330333303000000003333333333333333333333333333333333333333333303333333333333333303330333333333333333333003333333333333003003333300003333003333333333333333333333311
110000000300030033303303000000000000000330330000003000000033330000000030000300003333330333333333333333303333333333333333333333333333333333333300333333000000003333333333303333333333333333333333033333333333333333300333303330333333033333333333330333333333333303333333330003333003333333333003333333333311
113030303330333033333330000000000000000300033330333000000033000000003330000000333303000000333333333333333333333333333333333333333333333333333333333333330000000333333333333333333333333333333333333333333333333333300333333330333333333333333333333333333333333333333333003000300033333333333033333333333311
113330030330300033333000000000000000000000333300333000000033000333000333300003333000000003333333333333333333333330333333333333333333033330333033333333330333000000033333333333333333333333333333333333333333333333303333333330333333333333333333333333333003333330003333333300330033333333333333333333303011
110333033303300333333000300000000000000030330300033000000000000333303333300000003300003003333333333333333333333333333333333333330333303333333333333333333033333000000000333333333333333333333333333303333333333333303333333330333333333333333333333333330033333333333333333333330033333333333333333333333311
113330033333003333300003000000000000000000333333333000000000003333000333300000003300000003333333333333333333333333333333333033333333303333333333333333333000000000330000000333333333333333333333333333333333333333303333333333333333333333333330003333330033333333303333333333300333333333333333333333333311
113333333303333330000000000000000000000000000333333000000000003300000000330000003000003003333333333333333333333333333333333333333333333303333333333333333330000000333333300000000333333333333333333333333333333333303333333333333333333333333330003333333333333300033333333303000003333333333303333333333311
110033003333303300000000000000000000000000003000000000000000003003330030000000003000003000033333333333333333333333333033333333333333333330033333333333333330000000333333333330000033333333033333333333303333333333333333333333333333333333333330033300333333333330303333330333000000333333333333333333333311
110000300330033000003030000000003330333000000000000000003000003033333330000000003000003000333333333333333333333333330333333333333333333330333333333333333000000000333333333333300003333333000333333333003333333333333333333330333333333333333333333300333033333330333333333330300000333333333333333333333311
110000330300330030333000000000000330030000000000000000003330033333333333300330003003033300333333333333333333333333333333303333333333333333333333333333333333333333000000000303303330000000003000003333003333333333333333333333333333333333333333003333333003033333303333333330030000000333333333333333333311
110000330330000333333030000000000303330000000000000000333333333333000333333003333030003000333333333333333333333333333333333333333333333333333333333333333333333333333333333333303330333330000003003333003333333333333333333333333333333333303333333333333300333333333033333330000030000333333333333333333311
110000330330003333333333000000000000330000000000000000033333333330000333333000333300030000333333333333333333333333333333333333333333333333333333333333333333333333333333333333333333300333030000000333033000333333333333333333333333333333003333333333333333333333333303333330000033003333333333333333333311
110000030303333333333333000000000000300000000000000000033333333300330333333003000000300000033333333333333333003333333333333333303333333333333333333333333333333333333333333333333333033333333000000033333000003333333333333333333333333330000333333333333333333333333303333300033033333333003333333333333311
110000000333333333333333000000000000000000000000000000033333303033330333333003003330000000033333333333333333333333333333333333333333333333333333333333333333333333333333333300333333033333333000333030000000000003330033333333033333333300333333333300033333333333333333333333330033333333333333333333333311
110000000333333333333333000000000000000000000000000000333333303333333333333333333330300000003333333333303333333333333333333333333333333333333333333333333333333333333333333300033333333333333333330330000000000000000000000333003303333300333333333330033333333333333333333333330003333333333333333333303311
110000000333333000333330000000000000000000000000000000333030333333330033333333333330000000000333330330303003333333333333333333333333333333330333333333333333333333333333333300033333333333333333330333333000330000000000000000000000000000033333330333333000033333333330333333333003333333330033333333300011
110000000000000000033330000000000000000000000000000000033333333330033033300333333333330000300000000330333030303333333333333333333333333333333333333333333333333333333333333333003333333333333333333333330333333333333333300000000000000000003333330333003000003333333333333333333303333333333333333333003311
110000000000000000003330000000000000000000000000000003333333333303330000333333303333000300000000000303033000033333333333333333333333333333333333333333333333333333333333333333003333333333333333333333333333333333333333333333333000000000003333333333000000003333333333333330333303333333333333303333033311
110000000000000000000000000000000000000000000000333300333333333333330000033333000003303333000000000000000030333333333333333333333333333333000333333333033333333333333333333333333333333333333333333333333333333333333333333333333333333300000000333333000000000033333030300030333303333333330330033033333311
110000000000000000000000000000000000000000000030033333333333333333300000003000333003303333300000000000000333333333333333333303330333333333000333333333000333333333333333333333333330333000333333333333333033333333333003333333003333333333333000003333333000000003333333000000333300333333330333030003333311
110000000000000000000000000000000033000000000333033333333333333333000030000003333330303333330000000000033333333333333333333303330333333333000033333333000333333333333333333333333333333333333333333333333333333333333333333333333333333333333000000033330000030333333333330000033300033303333333330003033311
110000000000000000000000000000000033000000000303333333333333333333003333330333303333300330333000000003333333333333333333333333333333333333000333333333330333333333333333333333333333333333333333333333333333333333333333333333333333333333333330000000000333333333333333333330333300000033333333333333333311
110000000000000000000000000000000000000000003333333333000330333333333333333303330330000300303330300033333333333333333333333333333333333333000333333333333333333333333333333333333333333333333333333333333333330333333333333333333333333333333333330033000033333333333333333330333333300033333333330330333311
110000000000000000000000000000000000000000000333333330000333033030333333333300333330000033000330030303333333333333333333333333333333333333333333333333330333333333333333333333333333333333333333333330333333333333333303330033333333333333333333333333000003333333333333333333333333330033330033330333333311
110000000000000000000000000000000000000000033333000000000000333330033333333330033333000003003333000333333333333333333333333333333333333333333330003300330333333333333333333333333333333333333333333333333333333333330000000333333333333333333333333333303000333333333333333333333033333003303000033333303311
110000000000000000000000000330000000000000033333000000000000033330003033333333003333333033303333303333333333333333333333333033333333333333333330033333330333333333333333333333333333333333333333333333333330033333300030000003303333333330003333333333333333000333333333333333333003033003333000003333333311
110000000000000000000000000000000000000330333300000000000000003300000030333333003333333003330333303333333333333333333333333333333333333333333330033333333333333333333333333333333333333333333333333333333333333033330330000003333333333330003333333003000033330033333333333333333033033300333030003333330011
110000000000000000000000000000000000000300300000000000000000003000000030333333330300033003333333033333333333333333333333333333333333333333333330333333333333333333333333333333333333330003333333333333333333333333330300000003330300000030003303333030003333333000333333333333333033330330333033333333300011
110000000000000000000000000000000000000330000000000000000000000000000003030033330000003330003333033333333333333333333333333333333333333333333333333333333303333333333333333333333333330003333333333333003333330333330033000000000000000303000003333333333333333300000333300033333033333030333003333333300011
113000000000000000000000000000000000000030000000000000000000000000000000000033330000000330003333333333333333333333333333333333333333333333333333333333333300333333333033333333333333333033333333333333003033330333000333300000030000000333003000003333333333333300300033333333333333333003333003333333330011
113000300000000000000000000000003330000000000000000000000000000000000000003333330000000330000033033333333333330333333333003033333333333333333333333333333333303333333033333330333033303033333333303033000003330000303330000003300000000003003000003333333333333333333000003333333333300003333333333033330011
113000000000000000000000000000333300000000000000000000000000000000000000000030330000000000000000000033333333333333330033003330333333333333333333330303333333300333333333333000330333300033333333000333030000030003303330003303300000000333330000003333333333333333303333000000333333300003333303003333300011
113330000000000000000000000003333000000000000000000000000000000000000000000000000000000000000000003033333333333333333030003330333333333333333333330333333333330333333333333000333303300003333333003300030003030033333333330003300000000000000000003330333333333333333333000000003333000003333300330333003311
113333000000000003300000000333300300000000000000000000000000000000000000000000000000000000000000000000303030003303333333333333333333333333333333333333333333333333333333333000333333000303333333333333333333330333333330330303000000000000000000003300033333333333333333030000000333000003333300330300003311
113333330000000003333000000000300000000000000000000000000330000000000000000000000000000000000000000000300000000300000000000030000000003300333333333333333333333333333333303000000033000303333333333333333333333333333030003330030000000000000000333003333333333333333333033330000033000003333303333000033311
110333333333300333333000000000000000000000000000000000000000000000000000000000000000000000000300000000300000033300000000000000000000000000000333333333333333333333333300303003300333000333333333333333333333333333330003303330000000000000000000333003333333333333333333303333000000003003333333333000033311
110333000000000000000000000000000000000000000000000033333000000000000000000333000333000000000300000000000000000000000000000000030000000000000033333333333333333333300000030003330333003333333333333333333000333333330003333330330000000000000300300000333333333333333033303333330000003330333333300000033311
110000000000000000000000000000000000000000033030000000003333000000000300000030000033000000000000000000000000000000000000000000000000000000333330000333333333333333300000000033333003003333333333333333333330333300000033303330300000000033333300000000330333333333333333303033333330000330330300000300333311
110000000000000000000000000000000000000000000000000000003333333000000000000033000333000000000000000000000000000000000000000000030000000000000030003303333330000333300000000033330003000333303333330333333000333000000033003330000003000333333330000000333333333333333333333003333333000333303303033333333311
110000000000000000000000000000000000000000000000000000000000330003000000000003003333000000000000000000000000000000000300000000000003300000000000000000333300000003333000000033330300000300003033330333333300000000003303330030030003333333333333333000033333333333333003333033333333333000333333333333333311
110000000000000000000000000000000000000000000000000000000000333000000000000003033333000000000000000000000000000000000330300000000303000000000000000000000000000000000000300000000000003330000333333333333000000000003030300033030330333330003330333333333333333333333003333333333033333033300000003333333311
110000000000000000000000000000000000000000000000000000000000003300000000000000333333000000000000000000000000000000000330000000000300000000000000000000000000000000000000000330000000003300000033333333333000000000000000300033333330333000000000333333330333333333330033333300000033330033330000000003333311
110000000000000000000000000000000000000000000000000033330000003303330000000000333333000000000000000000330000000000000000000000000030000000000000000000000000000000000000000300000000003330000003333303333000000000030000000333333333333330003000333333333333333333303030333330000330003333333333300000033311
110000000030000000000000000000000000000000000000000333333300000003333333000000033333000000000000003333333300000000000000000000003030000000000000000000000000000000000000030000000000003330000333333003333000000000000000333333000333333330003333333333333333333333003333003333330300333333330003330000000011
110000000300000000000000000000000000000000000000033330333330333003333333300000033333000000000000000003333330000000000000000000003330000000000000003000000003300000000000000000000000003300000033333003333000330330003333333330000333333333333303333333333333333333300330033330330000333333000000300000033011
110000000000000000000000000000000000000000300000033333333333333330333333033300000000000000000000000003330000000000000003000000000330000000000000000000000000000000000000000333300000000003000033033333333003330333333333333330000333333333333333333333333333333333333300033033333333333333330003003303000011
110000000000000000000000000000000000000000000000033333333333333330333333333300000000000000000000000000030000000000000000000000030000000000000000000000000003033330000000000333000000000000000000000000333033333333333333330333000333333333333033333333333333330033333330330033303303333333303333333333000011
110000000000000000000000000000000300000000000000333333333333333333333333333300000000000000000000000000000000000000000000000003300000030000000000000303000303330000000000003333000000000300000000000000333000000033333333333333333333333333330333303330333333333033333330000303003333333333003333333333330011
110000000000000000000000000000000330000000000000333333333333333333333333333000330000000000000000000000000000000000000000000003000033300000000000000300030030330333000333333330000000000000003330003300333333333333333333333333333333303333333333000333333333333033333333003333033003333000000333333333303311
110000000000000000000000000000003330000000000000003333333333033333333333300000330000000000000000000000000000330000000000000033000033330000000000000003333333333333330333003300000000000300000303033000333330333333333333333333333333333333333003000033330333333333333033333003033033333000003033333333333311
110000000000000000000000000030000330300000000003000333333330033333333333000000000000000000000000000000000003300000000000003333000000000000000030000303333333333333330330000333303000000300000303330003333333333333333333333333333333333333333333000000333333330333333003333333300033333000333333333333333311
110000000000000000000000000000000333300000000333333333333330033333333333000000000000000000000000000000000003300000000000000000030000000000000030333333333333333003330003003333000000000000000333330000333333333333333333333333333333333333333303000033003330333033303300033333303000333300030033333333333311
110000000000000000000000000000000033330303333333333333333333333333333333000000000000000000000000000000000000000000000000003333303000300000003333333333333333333300330333330303000000000000000333300330000033333333333330333333333333333333333003333330000033333330333330033333300000033333030033333333333311
110000000000000000000000000000303333300333333333333333333333333333333333030000000000000000000000000000000000000000000000003333303000300000003333333333333333333330330033303303000000000330000333300030003003333333303333333333333333333333333303333333333333333333333333030333303000003333330333003333333311
110000000000000000000000000000000333300333333333333333333333333333333333000030000000000003000000003030000030000000000000033003330030000030003333333333333333333300330030000300000000000330000033300030000000333330333333333330330333333333333330333333333033330003333333333003303000003333333333003333333311
110000000000000000000000000000003333333333333333303333333333333333333330000300000000000000000000033300000000000000000000333003003003300000330333333333333333333303333330033330000000000330000003003330000030033333333333330330000033333333333303333033333033333303330003303330333333330000333333000033333311
110000000000000000000000000003333333333333333333303333333333333333333333000030000000000000000000003000000000000300000003033003000030000003330033333333333333333333333333333300000000030333000000033300000030333333330333333330330333333333333300300333330033333333000033333333003333033330033000030033333311
110000000000000000000000000033333333333333333333333333333333333333333333000030000000000000000000033330000000000330000003003033000030030003000333333333333333333333033333333300000000033333000000000000300000303333330333333300330333333333333333000000330030333333333333333000300300003333033000333333303311
110000000000000000000000300333333333333000333333030333333333333333333333000003000000000000033000003000000000300033000000303033330300003300003333333333333333333333003333333300000030333333000303030000000000003333330333003003330333333333333333000000333033303033333333333000333000003033330003333333303311
110000000000000000000000333333333333333333333333333333333333333333333330000000300000000000330000000000000000300330330000300000330000003330333333333333333333333333333333333000300033333333333333333300000030000033333333333333333333333333333333300000033003003333333333333333333330333333333033333333330011
110000000000000000000000333333333333330033333333333333333333333333333333000000000000000000300000000000000000300330330003300300000000333333333333333333330333333333333333333000300033333333030003333330000000000003333333333330333333333333333333330003033003303333333033333333003333003333333330333333330011
110000000000000000000000333333333333033333333333333333333333333333333333000000000000000000300000000330000000333330330333330333000300333333333333333333333333333333333333333000333333333333333333333300000000000003333333333333333333333333330333330033333000003333330000003333333333300333333333333333303011
110000000000000000000000333333333333333333333333333333333333333333333333030000000000000000000000003333000003333330330330300333330300333333333333333330333333333333003333333000333300003333333333333330330330000000000333033333333333330033333333333333333000033333330333000333333333333003333333333333330011
110000000000000000000003333333333333333333333333333333333333333333333333330000000000000000000000000303000000333330330000030333333300333333333333333330333333333330000333330000000000333333333333333333330333033330000030003333333333330033333333333333333000033333300330000333033333333003333333333333330011
110000000000000000000003333333333333000303333333333333333333333333333333000000000000000000000000003300000000303333333300030003333333333333333333333330333003333330333333333300030300333333333333333333330333333333000000003333303333333003333333333333333300000033000000000000000333333333003333333330330011
110000000000000000000000333333333000000033333333333333333333333333333333000000300000000000000003300300000000003333303330033300000333333333333333333333330000333333333330333333330333333333333333333333333300303333300000333333003003333333333333333333303300000003000000000000000333333300030033333330000011
110000000000000000000000333333333000003030033333333333333333333333333333033000300000000000000000333300030000003333333000033300003003333333333333333333330033333333333300033333030333333333333330333333333000303333330000333333333333333333333333333333333330000003033333333000300333333330030003333333000011
110000000000000000000000333333330000333333330000033333333333333333333333003000330330000000000033330300000003000330330303333000330333333333333333333333330333333333330000333333333333333333333333333333333303300333330003333333333333333303333333333333333330000000003333333333333333333330300003333333333011
110000000000000003000000033333333300033333300000000333333333333333333333333300003000000000000000003000030000303330033330333000333333333333333333333333333333333333030003303330000333333333333333000330333333333333333003333333333333333333333333333333333003000000000333333333333333333333333330003333333311
110000000000030300000000000303333000033333300000003333333333333333333300303333003000000000000000000000000000333330303000333000033333333333333333333033333333333333330033003333333333333033333333300330333333033033333033333333333333333333333333333333333300000000000333333333333033333333333333330333333311
110000000000030000000000003333000000003333330000000333333333333333333333300330000000000000000000000000000000003333330330033300033333333333333333333330330333333333303333003333333333333033333333300330333333333333333333333333333333333333333333333333333330000000000000003333333300033333333330330003333311
110000000000000000000000003330000000003333333000003333333333333333333330330330000000000000000000000000000000000033330000033333333333333333330333333333333333333330333330033333333333333030333333033333333333333333333303333333333333333333333333333333300300000003330333000033333333333333333333303300030311
110000000000000000000000003300000000033333333000003333333333333333333333330000000330000000000000000003000000000333300000033333333333333333333303333333333333333333333330033333333333333333333333333333333333333333333300333333333333333333333333333333000000000000333333030003333000033333333333333330003311
110000000000000030000000003000000000033333333333033333333333333333333330000000333330000000000000000000000000000330000000030333333333333333333303333333333333333333333330000033033333333033333333333333333333333333000330003333033333333333333033333330033000000000303333330003333330333333333333333333300011
110000000000000000000000000000000000333333333333333333333333333333333330030000033333000000000000000000000000000000000000330033333333333333333333333333033333333003333303003333333333333333333333333333333333333333333333300033333333333333330003333300000000003333333333333333333330330333333333333333333011
110000000000000000000000000000000000333333333333333333333333333333333330030000003330000000000000000000000000000000300000333003333333333333333333333333333333330003303003333333333333333333333333333333333333333333333330330003333333333333330003333330330000033333033033333333333333330333333333333333333311
110000000000000000000000000000000000033333333333333333333333333333333330300000000000000000000000000000000000000003000033333303333333333333333333333333333333330033333333333333333333333333333333333333333333333333333330333330333333333333330033333330000000330333033003333003033333330333333333333330333311
110000000000003333000000003330000000333333333333333333333333333333333330300000000000000000000000000000000000000003000000033303333333333333333033333333333333333033333333333333333333333333333333333333333003333330033333333333333333333333333333333300000000030003333303300000030003333333333333333333033311
110000000000333333000000033333000000333333333333333333333333333333333303000000000000000000000000000000000000000000000000003003333333333333333033333333333333333333333033333333333333333333333333333333333003303333003333000333333333333333333333333000000000333333000003300003000003333333333333333333333311
110000000000333333333300033333000000333333333333330333333333333033333303000000000000000000000000000000000000000000000000000000333333333333333333333333333333333333333003333333333333333333333333333333333003333333333333000033333333333333333333000000000033333333033033030333300333333333333333333333333311
110000000000333333000000000333000003333333333333333333333333333333333000000000000000000000000000000000000000000000000000000033333333333333333333333333333333333333333003333333333333333333333333333333333333333333333333333333333330033333333333000000000000033333303333030300333333333333333333333333333311
110000000000333330000000000300000003333333333333333333333333333333330000000000000000000000000000000000000000000000000000000033333333333333333333333333333333333333330033333333333333333333333333333333333333333333333333333333333333003333333333000300000033000333333030000300333333333333333333333333333311
110000000000333000000000000003000333333333333333333333333333333330000000333300000000000000000000000000000000000000000333000000333333333333303033333333333330333333300333333333333333330303333333333333333333333333333333333333333333303333333333300300003333300000000000000330303333333333333333333333333311
110000000000300000000000000030000003333333333333333333333333333333300003333333300000000000000000000000000000000000330330000000333333333333333000333333033030333333333333333333333333333333333333333333333333333330333333333330333333330333330333330000003333333300000000030333033333333333333333333333333311
110000000000000000000000000000000003333333333333333333333333333033300333333333333000000000000000000000000000000000333330000000333333333333333300333333000000333333333333333333333003333333333333333333333333333330333333303330333333330333330033000000003333033300000003000030033333333333333333333333333311
110000000000000000000000000030000333333333333333333333330333333330003333333333333330000000000000000000000000000000003030000000003333333333333003333330000000333333333333333333333003333333333333333333300333333330333333333330333333000003333000000030003333033333333000000300033333333333333303300000333011
110000000000000000000030000330000030333333333333333333333333333333003303333333333333330330000000000000000000000000003300000000003333333333333333033300003333333333333333333333333033333333333333333333333333333333333333333333333333333330033000000000333333333333333330003333003333333333333300000000000011
110000000000000000000030000300000000333333333333333333333330330333033333333333333333330330000000000000000000000000000300000000003333333333333333330000000000333333033333330333333033333333333333333333333333333333330333333333333333333330033000000003333033333333333300003333003333333333300000000000000011
110330000000000300000330000000000000000333333333333333333333333333333333333333333333333330000000000000000000000000000000000000000033333333333003000000000303333333033333333333333333333333333333333333333333333333330333333333333333333333003300000333300330333333333300333303003333333330000000000000000011
110330000000000000000000000000000000003033333333333303333303333333333333333333333333333330000000000000000000000000000000000000003333333333330030000000030333333330333333333333333333333333333333333333333333333333333333333333333333333330000000000333333333333333333333333003033333333000000000000000000011
110330000000000000000000000000000000003333333333333330333333333333333333333333333300333330000000000000000000000000000000000000003003333333000030000000033003333333333333333333333333333333333333333333333333333333333333333333333333333330030000000033333333333333330030330000033333333000000000000000000011
110333300000000000000000000000000000333333333333333333333033333333333333333333330000333330000000000000000000000000000000000000000003333330000000000000330003333333333333333003333333333333333333333333333333333333333333333333333333333300300000000033333333330000000000000000033333300000000000000000000011
110033000000000000000000000000000000333333333333330033333333333333333333333333333300333330033333000000000003330000000000000000000000333300003000000003300003330333333333333333333333333330333333333333333333333333333333333333333333333000000000000333333300000000000000000000000033330000000000000000000011
110033300000000000000000000000000000333333330333000033333333333000333333333333333030333330033333000003300030030000000000000000000000000000000000000003003033330333333333333333333333333330333333333333333330333333333333333333333333330000000000000333333000000000000000000000033003300000000000000000000011
110033030000000000000000000000000003033333330330000000333333303303333333333333330000003330000330000030333333333330000000000000000000000000000000000000000003333333333333333333333333333330333333333333333333333333333333333333333333330000003000033333330000000000000000000000000000000000000033300000000011
110000333000000000000000000000333333333303333333303303333330003000003333333333000000030333330330000000003333333333000000000000000000000000000000000000003033333330333333333333333333333303333333333333333333333333333333333333333333300000033303333333300000000000000000000000000000000000000033000000000011
110000330000000000000000000000333333333333333333330333333330003330033333333333000000000003333330000003000000003300000000333000000000000000000000000000003033333333333333333333333333333003333333333333333333300333333333333333333333000003030333333333300000000000000000000000000000000000000033300000000011
110003030000000000000000300000333033333333333330333333003330033333033333333333000000000003330000000003000000000000000003000300000000000000000000000000003303333333333333333333333333333003333333333333333333333003333333333333330333003003303333333333000000000000000000000000000000000000000303300000000011
110000333000000000000000000000303333333333333333333300333330033333003333333333000000033333333330000300000000000000000000003000003300000000000000000000000033333333333333330333333333333033333333333333333333333333333333333333333333003000333333333333000000000000000000000000000000000000000303330000000011
110000303000000000000000000000303330333333333333333333330033333333003333333333000000033333333330000300000000000000000000000000003300000000000000000000000033333333333333330033333333330033330333333333333333333333003333333333333333003000033333000000000000000000000000000000000000000000003333330000000011
110000333000000000000000000000303333333333333333333330033300033333033333333333300000033333333330033333330300000000000000000000003003000000000000000000000003333330333333330003333333330003030333333333000000033333333333333333303330033000333330000000000000000000000000000000000000000000003333330000000011
110000333000000000000000000003333333333333333333333333333000330033003333030033000000333330033333333333000030003000000000000000000000000000000000000000000303333333333333333333333333333333303333333333333333300033333333333333003333033003333030000000000000000000000000000000000000000000000333330000000011
110000333000000000000000000003333333333333333333333333333000330000033333000033000000003333003330303303003330000000000000000000000000000000000000000000000003333333333333333333333333333333303333333333333333300033333333333333033333330003333000000000000000000000000000000000000000000000033333330000000011
110000033000000000000000000003333330333333333333333333333030000000033330033333000000000330330330000003000000300000000000000000000000000000000000000000000033333333000333333333033333333033303333333333333333300033333333333330033333330003333000000000000000000000000000000000000000000000333333333000000011
110000030000000000000000000003333333333333333333333333333000000000033333333333000000000000000030000000000033000000000000000000000000000000000000000000003333333333333003333330033333333033333333333333330333333333333333333300333033330003330000000000000000000000000000000000000000000000333333333030000011
110000030000000000000000003333333000333333333333333333030000000000030033333303000000000000030030000000030003000000000000000030000000000000000000000000033333333333333333333330033333333033333333033333330333333333333333333003303333330033330000000000000000000000003030000000000000000003330330000000000011
110000030000000000000330033333333000000033003333333330000000000000000030030000000000000000000000000000000030033000000000000330033000000000000000000000033033333333333333303330033333333333333333333333330333333333333333333003033330300333330000000000000000000000000330000000000000000003030000000000000011
110000000000000000300000033333300000000000000003333033000000000000000000003000000000000000000000000000000000330000000000003333333330000000000000000000033333333333333333333330033333333333333333333333333333333333333003333300333000000303000000000000000000000000030000000000000000000000030000000000000011
110000000000000000300000033333333000000000003303333000000000000000000000000000000000000000000000000000000000030000000000033333333333030000000000000000000333333333333333333330033333333333333333333333333333333333333333333300003000000003000000000000000000000000000000000000000000000033330000000000000011
110000000000000000333000033003330000000000003003333000000000000000000000000000000000000000000000000000000000000000000000333333333333333000000000000000000030333333333333333330033333333333333333333333333333333333333333333300000000000033300000000000000000000000300000000000000000000003000000000000000011
110003330000000000333033033003330000000000000003333033330000000000000000000000000000000000000000000000000000000000000000333303333330000000000000000000000333333333333333333000033303333333333333333333333333333333333333330300000000000033330000000000000000333000000000000000000000000033000000000000000011
110003330000000000330003033333330000000000000000033003300000000000000000000000000000000000000000000000000000000000000000333333333330000000000000000033000333333333333333333000003333333333333333333333333333333333333333300000000000000033330000000000000000003000000000000000000000000000000000000000000011
110003330000000000000333333333330000000000000000000000000000000000000000000000000000000000000000000000000000000000000000333000300000000000030033000003000033333330333333333000000003300333333333333333333333333333333330303000000000000000330000000000000000033003300000000000000000000000000000000000000011
110000000333000003333330333333330000000000000000000000000000000000000000000000000000000000300033330000000000000330000000000000300000000000030300000300333333033300000333330000003030300033333333333333333333333333333333033000000000000000000003300000000000030000300000000000000000000000000000000000000011
110000000333000033333330333333330000000000000000000000000000000000000303000000000000000000000033330000000000003030000000000033000000000000000300000330003330030003030030330000003030300000303333333333333333333333333333033000000000000000000000000000000000003000000000000000000000000000000000000000000011
110000000333000033333330333333300000000000000000000000000000000000033330300000000000000330000000000000333000030000000000000000000000000000333303003333000000030003000000300000303000030000300333333333333333333333333333333000000000000000000000000000000000003000000000000000000000000000000000000000000011
110000003303333333333003333333000000000000000000000000000000000000333000033330000000033333000000000000000000000000003000000000000000000000003030033003000030300000000003003000003000003300300033333333333333333333333333330000000000000000000000000000000000000330000000000000000000000000000000000000000011
110000003333333333333333333333000000000000000000000000000000000003330000000300000000033330000000000000000000000000300000000000000000000000033000003303300330000000000333033000003000003300000003333333333333333333333333330000000000000000000000000000000000000000330300000000000000000000000000000000000011
110000003000303333333333333300000000000000000000000000000033333333330000000003000003330000000000000000000000000000000000000003000000000000030300030033330333000000000333000000030030000003000003333333333333333333333333300000030000000000000000000000000000000333330000000000000000000000000000000000000011
110000000003303333333333333000000000003000000000003300000333330333000000000000300033300000000000000000000000000000000000000000000000000000030330030003333033000000000003000000030030303003003000333333333333333333333333300000030000000000000000000000000000000000000030000000000000000000000000000000000011
110000000000303333333333330000000000000033000000333330000330300000000300000000000033000000000000000000000000000000000000000000000000000030030033330003333033000000000000000000033000333003003000303333333333333333333333300000000000000000000000000000000000000000003330000000000000000000000000000000000011
110000000000303333333333330000000000000330000003303330000330030000000000000000033300000000000000000000000000000000000000000000000003033000030030000300333033300000000000000000033000303300000000000333333330333333333333000000000000000000000000000000030000000000033300000000000000000000000000000000000011
110000000000003333333333330003300000033330000003303330000030030000000000000000000000000000000000000000000000000000000000000000000003333000333330330033333033303000000000000000030000000000000000000003333333333333333300000000000000000000000000000000003330000000033303000000000000000000000000000000000011
110000000000033033333333330033300000033333300033303000000033330000000000000000000000000000000000000000000000000000000000000000000333333333333300330000333033333000000000000000330003000330000000000000003300333330000000000000000000000000000000000000000000330000000030000000000000000000000000000000000011
110000000000033033333333330333000000030333300333333030000033330000000000000000000000000000000000000000000000000000000000000000003333333003333333333000333033333300000000000000000003000000000000000000033333303000000000000000000000000000000000000000000000030000000033000000000000000000000000000000000011
110000000000003333333333330033300000033030003333303330000003000000000000000000000000000000000000000000000000000000000000000000003333330330333333333300000333333000000000000000000000000000000000000330033003000000000000000000000000000000000000000000000000003000000033300000000000000000000000000000000011
110000000000003333333333330033300000003333303333333330000003000000000000000000000000000000000000000000000000000000000003300030033330003033000333333030000333333000000000000000000000000000000000000330030000000000003000000000000000000000000000000000000000000300000003330000000000000000000000000000000011
110000000000003333333333330033300000003333303333333330000003000000000000000000000000000000000000000000000000000000000000000333000333030030000333333000000333330000000000000000000000000030000000000300000000000000003000000330000000000000000000000000000000000330000003333000000000000000000000000000000011
110000000000003333333333330033300000000033333333333330000003000000000000000000000000000000000000000000000000000000000000033300033333333300003033333000000033333000000000000000000000000000000000000000000000000000003000333000000000000000000000000000000000000033000003333333300000000000000000000000000011
110000000000003333333000000033300000000003333333333300000000000000000000000000000000000000000000000000000000000000000300333000303003300003033333333300000000333000000000000000000000000000000000000000000000000000000033333000000000000000000000000000000000000330300000330333330000000000000000000000000011
110000000000000333333000000033300000033003333033333000000000000000000000000000000000000000000000000000000000000000000000000000303003300003303333330300000000000000000000000000000000000000000000000000000000000033330003333000000000000000000000000000000000000330330000030030333000000000000000000000000011
110000000000000003333300000000000000333333333333333000000003000000000000000000000000000000000000000000000000000000000300000000003303300033000033030000000000000000000000000000000000330000000000000030000000003333330000000000000000000000000000000000000000003333330000030000033300000000000000000000000011
110300000000000000000330000000000000003333333333333000000003000000000000000000000000000000000000000000000000000000000330000000033333000000000033000030000000000000000000030000000003000000000000000000000000003333300000000000000000000000000000000000000000000303300000003333003300000000000000000000000011
110330000000000000000000000000000000003333333333330000000003000000000000000000000000000000000000000000000000000000000330000000033330030000000333300000000000000000000000333000000303000000000000000000000000003333300000000000000000000000000000000000000000000303300000003300003330000003000000000000000011
113303000000000000000000000000000000000333303333330000000000000000000000000000000000000000000000000000000000000000000300000000030003033000000000333030003000000000000003330000003333300000000000000000000000003330000000000000000000000000000000000000000000000000000000003303333330000000000000000000000011
113333000000000000000000330000000000000333003300000000000330000000000000000000000000000000000000000000000000000000000000000000330000003300030000333000000333000000000003333000303330000000000000000000000033333300000000000000000000000000000000000000000000000000003000000333000300000000000000000000000011
113333300000000000000003033000000000000333003000000000000330000000000000000000000000000000000000000000000000000000000000000000003000030000033000300000000303000000000000000000300303000000000000000000000333333300000000000000000000000000000000000000000000000000003000000300033300000000000000000000000011
110003000000000000000333003330000000003330000000000000003300000000000000000000000000000000000000000000000000000000003000000000000000003003303303000000003303000000000000003000300033330000000000000000003333333000000000000000000000000000000000000000000000000000003000000000300300000000000000000000000011
110003000000000000000333000333330000000000000000000000033300000000000000000000000000000000000000000000000000000000000300000000000000000330033333330000000300000000000000303000300033330000000000000000000033330000000000000000000000000000000000000000000000000000003000000000333300000000000000000000030011
110000000000000000000333003333330000000000000300000000033000000000000000000000000000000000000000000000000000000000000333303333000000000030033330330000000000000000000000003300000033330000000000000000000033000000000000000000000000000000000000000000000000000000003000000000030000000000000000000000000011
110000000000000000000333003330333000000000003330000000003000000000000000000000000000000000000000000000000000000000000000033333300000000000000000330000000000000000000000033330000033333330000000000000000333330000000000000000000000000000000000000000000000000000000333000000000000000000000000000000000011
110000000000000000000033330000033300000000333330300000030000000000000000000000000000000000000000000000000000000000000000000303333000000000000000000000000000000000000000333330000033333330300000000003333330000000000000000000000000000000000000000000000000000000003333000000000000000000000000000000000011
110000000000000000000003300000003330000000333333300000030000000000000000000000000000000000000000000000000000000000000000000000333300000000000000000000000000000000000003333330000033333330000000000003333330000000000000000000000000000000000000000000000000000000003333300000000000000000000000000000000011
110000000000000000000000330000000033000033333303300000300000000000000000000000000000000000000000000000000000000000000000000000003333000000000000000000000000000000033333333303000033333330033000000003033000000000000000000000000000000000000000000000000000000000000003333333000000000000000000000000000011
110000000000000000000000030000000000300333003303300000300000000000000000000000000000000000000000000000000000000000000000000000000033333333330000000000333330000003333333333003000333333333333000000003003000000000000000000000000000000000000000000000000000000000000033033330300000000000000000000000000011
110000000000000000000000030000000000333333003303300000000000000000000000000000000000000000000000000000000000000000000000000000000003033033333333000003333333333333333330033333000330000000030000000033003000000000000000000000000000000000000000000000000000000000000033033330000000000000000000000000000011
110003330000000000000000000000000000000330033303300000000000000000000000000000000000000000000000000000000000000000000000000000000000000000333333333330033333333333333300000303330000000000000000000333000000000000000000000000000000000000000000000000000000000000000003333300300000000000000000000000000011
113333330000000000000000000000000000000000000303300003300000000000000000000000000000000000000000000000000000000000000000000000000000000000000000003033033033333333330000003303300000000000000003333330000000000000000000000000000000000000000000000000000000000000000000033330000000000000000000000000000011
113333330000000000000000000000000000333000000303000033000000000000000000000000000000000000000000000000000000000000000000000000000000000000000000000000333333333333300000003303000000000000000003333330000000000000000000000000000000000000000000000000000000000000000000033000000000000000000000000000000011
113033000000000000000000000000000000000000000003330030000000000000000000000000000000000000000000000000000000000000000000000000000000000000000000000000333333000000000000000333000000000000333333330300000000000000000000000000000000000000000000000000000000000000000003330000000000000000000000000003000011
110000000000000000000000000000000000000000000000030030000000000000000000000000000000000000000000000000000000000000000000000000000000000000000000000000003000000000000000000300000000000000333333300000000000000000000000000000000000000000000000000000000000000000000003000000000000000000000000000033000011
110000000000000000000000000000000000000000000000000000000000000000000000000000000000000000000000000000000000000000000000000000000000000000000000000000000000000000000030000300000000000000033330000000000000000000000000000000000000000000000000000000000000000000000003000000000000000000000000000033330011
110000000000000000000000000000000000000000000000000000000000000000000000000000000000000000000000000000000000000000000000000000000000000000000000000000000000000000000000003300300000000000000000000000000000000000000000000000000000000000000000000000000000000000000003300000000000000000000000000333333311
110000000000000000000000000000000000000000000000003000000000000000000000000000000000000000000000000000000000000000000000000000000000000000000000000000000000000000003000000003300000003000000000000000000000000000000000000000000000000000000000000000000000000000000000000330000330000000000000033330000311
110000000000000000000000030000000000000000000000000000000000000000000000000000000000000000000000000000000000000000000000000000000000000000000000000000000000000000003000000003300000003000000000000000000000000000000000000000000000000000000000000000000000000000000000000033003330000000000000033330000011
110000000000000000000000000000000000000000000000000000000000000000000000000000000000000000000000000000000000000000000000000000000000000000000000000000000000000000003000000003300000030000030000000000000000000000000000000000000000000000000000000000000000000000000000000000000000330000000000003000000011
110000000000000000000003300000000000000000000000000000000000000000000000000000000000000000000000000000000000000000000000000000000000000000000000000000000000000000000000000000300000030000000000000000000000000000000000000000000000000000000000000000000000000000000000000000000000003000000000330000000011
110000030000000000000033000000000000000000000000000000000000000000000000000000000000000000000000000000000000000000000000000000000000000000000000000000000000000000000000000000000000333000000000000000000000000000000000000000000000000000000000000000000000000000000000000000000000000330000000330000000011
110000003000000033033330000000000000000000000000000000000000000000000000000000000000000000000000000000000000000000000000000000000000000000000000000000000000000000000000000000000003330000000000000000000000000000000000000000000000000000000000000000000000000000000000000000000000000333333333300000000011
110000000000000033330000000000000000000000000000000000000000000000000000000000000000000000000000000000000000000000000000000000000000000000000000000000000000000000000000000003000030000000000000000000000000000000000000000000000000000000000000000000000000000000000000000000000000000000000000000000000011
110000000000000003000000000000000000000000000000000000000000000000000000000000000000000000000000000000000000000000000000000000000000000000000000000000000000000000000000000003000000000000000000000000000000000000000000000000000000000000000000000000000000000000000000000000000000000000000000000000000011
110000000000000033000000000000000000000000000000000000000000000000000000000000000000000000000000000000000000000000000000000000000000000000000000000000000000000000000000000000303300000000000000000000000000000000000000000000000000000000000000000000000000000000000000000000000000000000000000000000000011
110000000000000030000000000000000000000000000000000000000000000000000000000000000000000000000000000000000000000000000000000000000000000000000000000000000000000000000000000000003300000000000000000000000000000000000000000000000000000000000000000000000000000000000000000000000000000000000000000000000011
110000000000000300000000000000000000000000000000000000000000000000000000000000000000000000000000000000000000000000000000000000000000000000000000000000000000000000000000000000003000000000000000000000000000000000000000000000000000000000000000000000000000000000000000000000000000000000000000000000000011
113000000000000000000000000000000000000000000000000000000000000000000000000000000000000000000000000000000000000000000000000000000000000000000000000000000000000000000000000000003000000000000000000000000000000000000000000000000000000000000000000000000000000000000000000000000000000000000000000000000011
110300000000000000000000000000000000000000000000000000000000000000000000000000000000000000000000000000000000000000000000000000000000000000000000000000000000000000000000000000000000000000000000000000000000000000000000000000000000000000000000000000000000000000000000000000000000000000000000000000000011
110033300000003000000000000000000000000000000000000000000000000000000000000000000000000000000000000000000000000000000000000000000000000000000000000000000000000000000000000000000000000000000000000000000000000000000000000000000000000000000000000000000000000000000000000000000000000000000000000000000011
110000000000330000000000000000000000000000000000000000000000000000000000000000000000000000000000000000000000000000000000000000000000000000000000000000000000000000000000000000000000000000000000000000000000000000000000000000000000000000000000000000000000000000000000000000000000000000000000000000000011
110000000000000000000000000000000000000000000000000000000000000000000000000000000000000000000000000000000000000000000000000000000000000000000000000000000000000000000000000000000000000000000000000000000000000000000000000000000000000000000000000000000000000000000000000000000000000000000000000000000011
110000000000000000000000000000000000000000000000000000000000000000000000000000000000000000000000000000000000000000000000000000000000000000000000000000000000000000000000000000000000000000000000000000000000000000000000000000000000000000000000000000000000000000000000000000000000000000000000000000000011
110000000000000000000000000000000000000000000000000000000000000000000000000000000000000000000000000000000000000000000000000000000000000000000000000000000000000000000000000000000000000000000000000000000000000000000000000000000000000000000000000000000000000000000000000000000000000000000000000000000011
110000000000000000000000000000000000000000000000000000000000000000000000000000000000000000000000000000000000000000000000000000000000000000000000000000000000000000000000000000000000000000000000000000000000000000000000000000000000000000000000000000000000000000000000000000000000000000000000000000000011
110000000000000000000000000000000000000000000000000000000000000000000000000000000000000000000000000000000000000000000000000000000000000000000000000000000000000000000000000000000000000000000000000000000000000000000000000000000000000000000000000000000000000000000000000000000000000000000000000000000011
110000000000000000000000000000000000000000000000000000000000000000000000000000000000000000000000000000000000000000000000000000000000000000000000000000000000000000000000000000000000000000000000000000000000000000000000000000000000000000000000000000000000000000000000000000000000000000000000000000000011
110000000000000000000000000000000000000000000000000000000000000000000000000000000000000000000000000000000000000000000000000000000000000000000000000000000000000000000000000000000000000000000000000000000000000000000000000000000000000000000000000000000000000000000000000000000000000000000000000000000011
110000000000000000000000000000000000000000000000000000000000000000000000000000000000000000000000000000000000000000000000000000000000000000000000000000000000000000000000000000000000000000000000000000000000000000000000000000000000000000000000000000000000000000000000000000000000000000000000000000000011
110000000000000000000000000000000000000000000000000000000000000000000000000000000000000000000000000000000000000000000000000000000000000000000000000000000000000000000000000000000000000000000000000000000000000000000000000000000000000000000000000000000000000000000000000000000000000000000000000000000011
110000000000000000000000000000000000000000000000000000000000000000000000000000000000000000000000000000000000000000000000000000000000000000000000000000000000000000000000000000000000000000000000000000000000000000000000000000000000000000000000000000000000000000000000000000000000000000000000000000000011
110000000000000000000000000000000000000000000000000000000000000000000000000000000000000000000000000000000000000000000000000000000000000000000000000000000000000000000000000000000000000000000000000000000000000000000000000000000000000000000000000000000000000000000000000000000000000000000000000000000011
110000000000000000000000000000000000000000000000000000000000000000000000000000000000000000000000000000000000000000000000000000000000000000000000000000000000000000000000000000000000000000000000000000000000000000000000000000000000000000000000000000000000000000000000000000000000000000000000000000000011
110000000000000000000000000000000000000000000000000000000000000000000000000000000000000000000000000000000000000000000000000000000000000000000000000000000000000000000000000000000000000000000000000000000000000000000000000000000000000000000000000000000000000000000000000000000000000000000000000000000011
110000000000000000000000000000000000000000000000000000000000000000000000000000000000000000000000000000000000000000000000000000000000000000000000000000000000000000000000000000000000000000000000000000000000000000000000000000000000000000000000000000000000000000000000000000000000000000000000000000000011
110000000000000000000000000000000000000000000000000000000000000000000000000000000000000000000000000000000000000000000000000000000000000000000000000000000000000000000000000000000000000000000000000000000000000000000000000000000000000000000000000000000000000000000000000000000000000000000000000000000011
110000000000000000000000000000000000000000000000000000000000000000000000000000000000000000000000000000000000000000000000000000000000000000000000000000000000000000000000000000000000000000000000000000000000000000000000000000000000000000000000000000000000000000000000000000000000000000000000000000000011
110000000000000000000000000000000000000000000000000000000000000000000000000000000000000000000000000000000000000000000000000000000000000000000000000000000000000000000000000000000000000000000000000000000000000000000000000000000000000000000000000000000000000000000000000000000000000000000000000000000011
111111111111111111111111111111111111111111111111111111111111111111111111111111111111111111111111111111111111111111111111111111111111111111111111111111111111111111111111111111111111111111111111111111111111111111111111111111111111111111111111111111111111111111111111111111111111111111111111111111111111
111111111111111111111111111111111111111111111111111111111111111111111111111111111111111111111111111111111111111111111111111111111111111111111111111111111111111111111111111111111111111111111111111111111111111111111111111111111111111111111111111111111111111111111111111111111111111111111111111111111111