111111111111111111111111111111111111111111111111111111111111111111111111111111111111111111111111111111111111111111111111111111111111111111111111111111111111111111111111111111111111111111111111111111111111111111111111111111111111111111111111111111111111111111111111111111111111111111111111111111111111
111111111111111111111111111111111111111111111111111111111111111111111111111111111111111111111111111111111111111111111111111111111111111111111111111111111111111111111111111111111111111111111111111111111111111111111111111111111111111111111111111111111111111111111111111111111111111111111111111111111111
113333000000333333333333333333033333333333300300000000003333331001111111111111111111111111111111111111111111111111110001111111111111111111111111111133333333333333333333333000333333333333333333000000000000000000000000000000000000000000000000000333000000000000000000000000000000000000000000000000000011
113333333333333333333333333333333333333333330000000000003333331101111111111111111111111111111111111111111111111111110000011111111111111111111111111133333333333333333333333333333333333333333333330000000000000000000000033300000000000000000000000300300000000000000000000000000000000000000000000000000011
113330333333333333330333333333333333333333330000000000000033000001111111111111111111111111111111111111111111111111110000011110011111111111111111111111333333333333333333333333333333333333333333333000000000000000000000000000000000000000000000003300000000000000000000003000000000000000000000000000000011
113300033333333333303333333333333330333333333330000000000000031001111111111111111111111111111111111000111111111111110000011111101111111111111111111111133333333333333333333333333333333333333333333000000000000000000000000000000000000000000000003030000333000000000000000000000000000000000000000000000011
110333330330033330333333333333333330003333303333300000000000030000111111111111111111111111000011111111111111111111111000111111101111111111111111110000113333333333333333333333333333333333333333333000000000000000000000000000000000000000000000030333000000000000000000003300000000000000000000000000000011
113333333300003330333333333333333330003333303333333000000000031110111111111111111111111111000011111111111111111111111111111111111111111111111111110000111333333333333330333330033333333333333333333000000300000000000000000000000000000000000000333000000000000000000000000300000000000000000000000000000011
113333333000000000333333333333333333330033300033333330303000001111111111111111111111111111000011111111111111111111111111111111111111111111111111110000111000000000333300333333333333333333333333333000003000000000000000000000000000000000000000030000000000000000000003000000000000000000000000000000000011
113333333300000003333333003333333333330003330033333333330330000111111111111111111111111111111111111111111111111111111110111111111111111101111111111000000000000000333330333333333333333333333300300000003330000000000000000000000000000000000000000000000000000000000003030000000000000000000000000000000011
113333333330000000333300303333333333330003333333333333330300000011111111111111111111111111111111111111111111111111111111111111111111111101111111111111111000000000333330333333333333333333333300030030033300000000000003300000003000000000000000000000000000000000000003330000000000000000000000000000000011
113333333333333030333330000333333333330000333333333333330030000000111111111111111111111111111111111111111111111111111111000011111111111111111111111111111111111133333330333333333333333333333300003330033300000000000000333300003000000000000000000000000000000000000000030000000000000000000000000000000011
113333333333333303333330000033033330333303033333333333333333000001111111111111111111111111111111111111111111111111111110011111111111111111111111111111111111111011333000333333333333333333333333333330033330000000000000333300003300003300000000000000000000000000000000000000000000000000000000000000000011
113333333333333303333330000033033330333300003333333333333333000001100111111111111111111111111111111111111111111111111110111111111111111111111111111111111011111111133000333333333333333333333333333330333330000000000000033300000000003000000000000000000003300000000000000000000000000000000000000000000011
113333333333333333333333000033033330333333303003333333333333300000000000111111111111111111111111111111111111111111111110111111111111111111111111111100000001011111111000333333333333333330333333333300033333000000000000033300000000003000000000000000000003330000000000000000000000000000000000000000000011
113333333333333333333300333333333333333333330033333333333333300000000000001111111111111111111111111111111111111111111111111111111111111111111111100000000000000000111130333333333330300030030003333003333333330000000000333330000000000000000000000000000333330000000000000000000000000000000000000000000011
113333333333333333330300033333333333333333330033333333333303300000100000000000001111111111111111110110001000001111111111111111111111111111111000000000000000000000001113333333333300333333333333300033333333303000000000333300000000000000030000000000000003330000000000000000000000000000000000000000000011
113033333333000033330000000003333333333333330003333333333000000000100000000000001111111111011100000000000000000000111111111111110010111111100000000000000000000000001113333333333333333333333333333333333333303300000003333000000000000000003000000000000003330000000000000000000000000000000000000000000011
113033333333000033330300000003333333333333333303333333333330000000110110001000000111111110000000000000000000000000001110000000000000100000000000000000000000000000000000333333333303333333333333333333333333333330000003330000000000000000000300000000000000000000000000000000000003300000000000003000000011
113333333333000033330300000000333333333333333333333333333330000000110111111111010011010000000000000000000000000000000000000000000000000000000000000000000000010000000001103333333003333333333333333333333333333330000003300000000000000000000000000000000000000000000000000000000003000000000000000000000011
113333333333300033330000000300003333333333333333333333333333000000011111111111110110000000000000000001111111011000001010000000000000000000000000000000000000111111100000003333333033333333333333333333333333333333303033300000000000000000000000000000000000000000000000000000000000000000000000000000000011
113300003333330333330000000000000033333333333333333333333333000000001111111111111110000000000000001111111111111101111000000000000011000110000000000000000001111111110000133333330333333333333333333333333333333333333333000000000000000000003003000000000000000000000000000000000000000000000000030000000011
113300003333330333330000300030000033333333333333333333333333300000001111111111111111000000000010011111111111111101111111110111111111111111110001111111000001111111110000033333333333333333333333333333333333333333333333000000000000000000000030000000000000000000000000000000000000030000000000000000000011
113330003333333333333333300330000003303333333333333333333333300000001011111111111111111111111111111111111111111111111111111111111111011111111111111111011101111111111000033333333333333333333000333333333333333333333333000000000030330000000000000000000000000000000000000000000000000000000000000000000011
113330000003333333333333333000000003300303333333333333333333330000000000111111111111111111111111111010111111111111111111111111111111111111111111111111111111111111111000033333333000333333330000000033333333333333333333330000000333333000000000000000000000000000000000000000000000030000000000000000000011
113333300000003333333333333000000000330003333333303333333300030000000101111111111111111111111111110000111111111111111111111111111111111010111111111111111111111111111100033333330000333333330000000033333333333333333333333300000300003000000000000000000000000300000000000000000000000000000000000000000011
113333333000003333333333333330000000300003333333333333333300333300000001111111111111111111110111110011111111111100111001111111111111101100111111111111111111111111111100033333300333333333330000000033333333333333333333333333000033033000000000000000000000000330000000000000000030000000000003000030000011
113333333333003333333333333333003000000033333033333333333003333000000000111111111111111111111110001111110011111110111101111111111111111000111111111111111111111111111000003333330333330333333000000333333333333333333333333033000003003300000000000000000000000333000000000000000000000000000003300000000011
113333333333333333333303333333033000003033330333300333333333330033000000011111111111111111101111001111110011111110011111111111011111111001111111111111111111111111111100003333330333330333333333333333333333333333333333033333300000003333000000000000000000000000000000000000000000000000000000030000000011
113333333333333333333333033333033300003000003333330333333333333333300000011111111111111111011111011111111111111110001111111111111111111111111111111111111111111000011100000033330333333333333333333333333333333333333333330333333000003330000000000000000000000000000000000000000000000033000000000330000011
113333333333333333333333003333330000003033333333333333333333333333333000011111111111001111111111111111111111111111001111111111111011111111111111111111111111111111101110000033303333333333333333333333333333333333333333333333333030003303300000000000000000000000000000000000000000000000000000000033000011
113333330003333333333333003303333300030030333333333033333333333333333000011111111111001111111111111111111111111111011111111111111111111111111000111111111111111111111110000033303333333333333333333333333333333333333333333333333033033033300000000000000000000000000000000000000000000000000000000003300011
113333333033333333333333303303333333330000003333333003333333333333333000001111001111001111111111111111111010111111110000111111111111101111111111111111111001111111111110000003303333333333333333333333333333333333333333333333333333033333330000000000000000000003000000000000000000000000000000000000330011
113333333333333333333333333333333333333330000333333000000333333333333000011111111111001100011111011111110011110111110000000111011111111111111111111111011111111111111110000003303333033333333333333333333333333333333333333333330333333333000000000000000000000000000000000000000000000000000000000000033311
113303333333033333333333333333333333333330000333333300003333333333333000111111111111001000001111011111110011110111111110000111011111111111111111111111011011111111111111000003303333333333333333333333333333333333333333333333333330333303300000000000000000000000000000000000000003000000000000000000003311
110333300000033333333333333333333333033330333333333333333333333333330000111111110111000000000111111000011111110111111101111111111111111111111111111111111111111111111111100000333333333333333333333333333333333333333333333333333330033033300000000000000000000000000000000000000003333000000000000000000011
110333303333333003333333333333333330033330003333333333333333333333330000011111110000001011000001111000001111111111111110101111111111111111111111111111111111111111111000100000133330333333333333333333333333333333333333333333333033333333330003000000003000000000000000000000000003333330000000000000000011
110333003333333333000333333333333003333333000333333333333333333333000000111111111001101111100011111000000100111111111110101101111111111111111111111111111101111011111000000000003333333333333333333333333333333333333333333333333033330333330033000000033300000000000000000000000033333330000000000000000011
110000033333333333300000333333330333333333300003333333333333333333000000111111110001111111100011111100000000010000001110001010111111111111111111111111111111111001001111110000003333333333333333333333333333333333333333333333333033333333333333030000333300000000003000000000000033333303000000000000000011
110000030333333333303333303333333333333333000003330333333333333333000001111111111111111111111111001111111110000011011111001000111111111100111111111110111111111101111111110110000033333333333333333333333333333333333333333333333033333333333333330003333330000000003333000000000330003303000000000000000011
110000000000330330033333330333303333333033000000330333030303333333000001111111111111111011111111111111111100001111111111110001011111111110111111111110111111111111111111111111000003333333333333303333333333333333333333333333333033333333333333330033333333000000333333333000003333003303000000000000000011
110000000000000000003333333333333333333303330000333330000000300333000001111111111111110111111111111111111000011111111110111111111111111111111111111111111111111111111111111111100000330000333333333333303333333333333333000000333033333333333333300000333333333333333333330000003033303030330000000000000011
110000000300000000003333333333333333333333333033333330000000000333300001111111111111111111111111111101110000011111111011011111111111111111111000111111111111111011111111111111100000033000333333333333333003333333333333300000000000333333333033300000333333333333333333330000003333033030333000000000000011
110000000000000000000000000003333000333333333333333330000000003333000001111111111111111101111111111101110000011111111011111111111111111111111111111111111111111010111111111110110000003000333333333333333333333333333333330000000000333333333033330000333333333333333333330000033333003300303000000000000011
110000000000000000000000000000000300033333330000333333333333333333300001111111111111111111111111111111111001111111111111111111111111111111111111111111111111110101111111111111110000003000000000333333333333303333333333333333000000000333333033333333333333333333333333333000003333333330000300000000000011
110000000000000000000003000003000000003333333303333333333333333333300001111111111111111111111111011111111111111111111111111111111111111111111111111111111111111011111111111100000000003303000003000333333333300333333333333333000000000333333033333333303333333333333333333330000000003330333000000000000311
110000000000000000000000000000000000003333333333333333333333333333300011111111111111111111111111111111111011111111111111111111111111111111111111111111111111111011111111111100000000000333000003333333033333300333333333333333000000000333333333333333330033333333333333333330000000003300333033300303030311
110000000000000000000000000000000000000003330333333333003333333333300011111101111111101101000111111111111011111111111111111111111111111111111000111111111111111111111111111110100000000033333003333333003333330333333330333333330003333333333330003333330000333333333333333330000000000033330003330300333311
113000000000000000000000000000000000000033333333333333000333333333300001111111111111111111100111111111111111111111111111111111111111111111111111111111111111111110111111111111000000000003333330333333000333333003333300333333330033003333333333000000000333033333333333333333000000000033330333033033333311
113333300000000000000000000000000000000033333303333333000033333333100001111110000001111111100111111111111111111111111111111111111111111110001111111111111111111110111111111111000000000000333333333333003333333333300000033333003333003333303333333333030003333003333333333333000000000003333330030303333011
113333333330300000000000030003300000000033333330333333300033333333110001111111111000111111111111111111111111111111111110111111111111111110111000011111011111111110111111111111111000100000033333333333333333333333333300000003333333333333003333333333003003333333333333333333000000000000000333033333333311
110030330030300003000000000003000000000003333333333333333333333333110001111100111111111111111111111110001111111111111111111111111111111111111111111111111111111111111111111111111111000000003333333333333333303333333330330000333330333333333333333333030000333333333333333333000000000000000033333033033311
110030003330030000033003333333000000000000333333333333333333333333110001111010011111111111111111111110000001111111111111111111111111111111111111111111111111111111111111111111111111010000003333333333333333333303333333030033333333333333333333333333330000333333333333333333000000000000000000033000000011
110000003303000003003333333333333330000000003333333333333333333333100001111110000000111111111111111100000001111111111111111111111111111111111111111111111111111111111111101111111111110000000333333333333333333000003333003330303333333333333333333333330003033333333333333333333300000000000000000333000011
113000000000003000003303333333333330333000300333333333303003333333100001010000001000110011111111111110000000111111111111111111111111111111111111110000111111111011111111100111111111111100000333333333333333000000033333330000003333333333333333333333300000333303333333333333333333300000000000000000000011
113333000000000000000000333333333333333303003333333333003003333333300001100000011011110111111111111111100010111111111111111111111111111111111111110000111111111111111111111011111111111130000033333333330003000000033333330000033333333333333333333333300000333003333333333333333333330000000000000000000011
110003333000000000000000333333333333300033000003333333333333333333000011101000001111110111110111101111111110010011111111111111111111111111111111110000111111111111111111110110011111111113000003333333000330330000033333333333333333333330333333330333333033300333333333333333333333333000000000000000000011
110000003000000000000003333333333333003033333333333333333333333333300011100000001111111111100011111111111110001011111111111111111111111111111111111111111111111111100111111110111111111113000003333333333000000000333333333333300030000003333333333333333000330333333333333333333333333330000000000000000011
110000000000030000000033333300333303003333333333333333333333333333003111000000111111111111101011111111110110101111111111111111111111111111111111111111011111111111111111111111111111111111330003333333333300000000333333333333330030000003333333333333333333333333333333333333333333333333300000000000000011
110033000000033000003333333030030303333333333333333333330333333000003111110001111111111111111111111111110011101111111111111111111111111111111111111111001111111111111101101111111111111111113000333333333330300003333333330333333333333303303333333333333333333333333333333333333333333333333300000000000011
110003330000030330000000003000330330300333333333333333330000000000000111110011111111111111111111111111111111111111111111111111111111111110000000111111111111111111111101111111111111111111111130000333333333333033333333333333333333333333330303333333333333333333333333333333333333333333333330000000000011
113003030003333330000000000000033330303333333333300030000000000000001111111111111111111111111011110011111111111111111111111111111111111111000000111111111111111111111111111111111111111111111100000033333333333333333333333333333333333333333333333333333333333333333333333333333333333333333333000000000011
113333333000033330000000000000000000000000000000000333303333000000000111110001111111111111111010000001111111111111111111111111111111111111111111111111111111111111111111111000111111111111111111000003333333333033333333333330333333333333333333333333333333333333333333333333333330000000333333333000000011
113333333330000033000000000000000000000000000033333333330030000003111111111001111111111111111111000000111111111111111111111111111111111111111111111111111111111000000011111000011111111111111111000003033333333033333333333330333333333333333333333333333333333333333333333333333300000000033333333300000011
113333033333000033300000000000000000000000000330000033333333300031111111111011111111111111111111100001111111111111111111111111111111111111111111111111111111111000000111111111111111111111111111000003333333333033333333333333333333333333333333333333333333333333333333333333333300000000333333333333333311
113333333330300033330000000000000000000000000333333333333333300031111111111111111101111111111111111111111111111011111111111111111111111111111111111111111111111000000111111111111000000001111111111130333333330033333333330033333333333333333333333333333333333333333333333333333300000333333330000003333311
113333333333330003333000000000000000000000030333333333333333300001111111111111111101111111111110111111111111111111111111111111111111111111111111111111111111111111111110111111111110000011111111111130000033333333333333330033333003333333333333333333333333333333333333333333333330000333033333333300000011
110033330333333003333000000000000000000000000000003333033333000001111111110111111111111111111111111111111111111111111111111111111111111111111111111111111111111111111100111111111111011111111111111113300003333333333333333333300003333333333333333333333333333333333333333333333330000333033333333333000011
110003333333333000333000000000000000000000030000033330030300300001111111111110111111011111111111111111111111111111111111000011111111111111111111111111111111111111111111111111110111111111111111111111330033333333333333333333000003333333333333333333333333333333333333333333333330000000003333333333000011
110003303033333330033330000000000000000000000000000003333003300001100111111111111111111111111111111111111111111111111111000011111111111111111111110111111111111111111111111001001111111111111111111111113003333333333333333333000033333033303333333333333333333333333333333333333333330000333333333333333011
110033330003333333003330000000000000000000000000003003330000000001110111111111111111111110111111111111111111111111111111111111111111111111111111111111111111111111111110111100110111111111011111111111111000033333333333333333000033333033333333333333333333333333333333333333333333330333333333333333333311
110000333303333333003330000000000000000000000000000030333333000001100111111111111111111110011111111111111111111111111111111111111111111111111111111111111111111111111110111100101111111111011111111111111130003333003333033333030033333333333333333333333333333330333333333333333333330333333333333033333311
110000000330333333300003000000000000330000000000000333000333300001001111111111111111111111111111101111111111111111111111111111111111111111111111111111111111111111111110111011111111111111111111000000011113000333000000003333000033333333333333333333333333333333333333333333333333333333333333333333300311
110000000000033333330000000000000000000000000000000030003333000001001111111111111111111111111111111111111111111111111111111111111111111011111111111111111111111111011110111111111111111111111111000000011111003333333000003333000030000333333333333333333333333333333333333333333333333333333333333333000011
110000000000003333333000000000000000300000000000003300003000030000100111111111111111111111111111111111111111111111111111111111111111111111111111111111111010111110011111111111111111111111111111000000011111003333333000003333030333000333333333333333333333333333333333333333333333333333333333330333000011
110000000000030033333000000000000000000000000030033000000303333000010011111111111111111101111111111111111111111111111111111111111111111111111111111111111111111111111111111111111111101111111111000000001111033000333333003333333333333333333333333333333333333333333000033333333333333333333303330033330011
110000000000003333333330000000000000000000000000003030000333333331001011111111111111111001111111111111111111110111111111111111111111111111111111111111111011111111111111111111111111000111111111111111001111113003033333333333003333333333333333333333333333333333333000033333333333333333333303333333000311
110000000000000003333333000000000000000000000000030330000333333333001011111111111111111011111111111111111111110111111111111111111111111111111111111111111111111110111111111001111111111111111111111111000111111000003333333333303333333333333333333333333333333333333000033333333333333333333300333333000311
110000000000000003333333000000000000000000000000000000000333333333300111111111111111111111111111111111111111001111111111111111111110000111110111111111111111111111111111110001111111111111111011111111111111111000003333333333333333333333333333333333333333333333333330003333333333333333333330333333300311
110000000000000000333333300300000000000000000000000000303333333333311001111111111111111111111111111111111111111111111111111111111111111111110111111111111111111111011111110001111111111111111011111111111111111110033333333333330033333333333333333333333333333333333330003333333333333333333333333333330311
110000000000000000003333330033000000000000000000000000333333333333331100111111111111111111111111111111111111111111011111111111111111111111110111111111111111111111111111110001111111111111111011111111111111111111333333333333300003333000000333333333333333333333333333003333333333333333333033333333330311
113330000000000000303333333003000000000000003000000000033333333333333110110111111111111111111111111111111111111110011111111000000000111111111100011111111111111111111111111000001111111111001000111111111111001100130033333330333033333333333333330333333333333333333333333333333333333033000333333333000311
113300000000000000003333333303030000000000000000000000330333333333333311011111111111111111111111111111111111111110011111111000000000111111111110011111101111111111111111111101111111111111001111111111111111001100130000333000000033333333333333330333333333333333333333333333333333333033333303333333333011
113000000000000000003033333330300300000000000000000000300333333333333331011111111111111111111111111111111111111110011111111000000000100111111111011111101111111111111111111111111111111111000111111111111111001111110000003000000033333333333333330333333333333333333333333333333333333033333303333333333311
110330000003000000000333333333333300000000000000030030333333333333333331101111111111111011111111111111111111111110111111111000000111111111111111111111001111000000111111111111111011111111111111111111111111111111011330000333333333000333333333000000330333333333333333333330333333333333333333333333333311
113333333333300000000033333333333000000000000000000033003333333333333331101111011111111111111111111111111111111111111111111111000111111111111111111111011111111111111111111111111000101111111111111111111111111111111330000333333333333000333333333333330000333333333333333330333333333333333333300003333311
113333033300000000000003003333330000000000000000330333303333333333000331101111001111111111111111111111111111101111111111000111000111111111111111111110011111111111111111111111111111111111111111111111111111111111111133000030333333333000333333333333333000333333333333333330333333333333333333300003333311
113333003000003300000000000303033330300000000000000003333333333333333331111111000111111111111111111111111111011111111111111110000111111111111111111110111111111111111111111111111111101101101110111111111111111111111130333000333333333333330333333333333333303333333333333333333333333333333000030333333311
110330030000003300000000000000333330330000000000033000300333333333333331101111101111111111111111111111111111111111111111111111111111111111111011111111101111111111111111111111111111111011111111111111111111111111111110333000033333333333333333333333333333333333333333333333333333333333300303333333333311
110000000000000330000000000333333333330000000000003333300333333333333311101111111111111111011111111111111111111111111111111111111111111111000011111111111111111111111111111111111111111111111111111111111111111111111110333000003333333333333333333333333333333333000333333333333333333333303333303333333311
110303000330000030000000000333333333300000000000000333300003333333333311011111111111111111111111111111111111111111111111111111111111111111111111111111111111111111111111011111101111111111111111111111111111111111111111113000003333333333333333333333333333333303333333333333333333330333333330003333333311
110000003330333003000000003003333333330000000000003330000000333333333111111111111111111111111111111111111111111111111111111111111111111111111111010111111111111111111111111000111111111111111111111111111111111111111111111330000333333333333333333333333333333330030303333333333330003333333333333300333311
110000033330000003000000000003333333000000000000003330000000333333331110110111111111111111111111111000111111111111111111111111111111111111111110001011111111111111111111111100111111111111111111111111111111111111111111111130000333333333333333333333333333033330030303333333333333333333333333003300333311
113000333333000003000000000000303333333000000000033000000333333333331101111111111111111111111111111000011111111111111111111111111111111111111110001011111111111111111111111011111111111111111111111111111111111110111111110110000033333333333333333333333330033330033333333333333333333333333000000003333311
113333333330000000000000000000030033330000000000330000000300303330330001111111111111111111111111111111111111111111111111111111111111111111111100101111111111111111111111000011111111111111111111111111111111111000111111110110000333333333333333333333333333333330333333003333300300033303333000000000333311
110330033000330000000000000000000333330000000000333000000003333333300011111111111111111111111111111111111111111000000000111111111111111111111101101111111111111111111000000011111111111111111111111111111111111000101111110110000033333333333333333333333333333003333330003333330033333303333000000000300311
113000033000033000003300000000000333330000000000300000000030333333000111111101111111111111111111111111111111111111100000111111111111111110111111011111111111111111110000000111111111111111111111111111111111111111101111011111000333033333333333333333333000330333330033333333300333333333333000000000000011
110000030000333330000000000000000333333000000000000000000300000030000111111111111111111111111111111111111111111111110000111111111111111111111111111111111111111111110000000000111111101101111111111111111111111101111111001111000333333333333330333333000000333333333333333333033333333333330000000000000011
110000030000330300000000300000000333333000000000000000000333033333000111111111111111111111111111111111111111111111111000111111111111111111111111111111111111111111110000000000111111101110111111111111111111111111111111110110000033333333333333333333000000000003333330333330333333333333330000000000000011
110000003333030300000300030000000033333303000000000000000000003330001111111111111111111111111111111111111111111111111111111111111111111111111111111111110111111111111000111000001111111111111111111111111111111111100111110011000333333333333333333300000330030000333303330003333333333333333330000000000011
110000000333330030333333300000000003333330000000000000003330000030000111111111111111111110111111111111111111111111111111111111111111111111111111111111110111111111111111111000001111111111111111111111111111111111111111111001100303333333333333333300333333300030000333330000333333333333333330000000003011
110000000003333300333333030000000003333333000000000000000000000000000111111111111111111110111111111111111111111111111111111111111111111111111111111111110011111111111111111000001111111111110111111111111111111111111001111001000003333330333333333330333333001010100100000000003333333333333330000000033311
110000000333300330333300000000000000333333000000000000000000000000000111111111111111111001111111111111111111110000111111111111111011111111111111111111111111111111111111111000011111111111111111111111111111111111111100111011000003333333333333330003333330100011110000000000000000333333333333000000333311
110000000003333033003003000000000000333333300000000000000000000000000111111111111111111111111111111111111111111111111111111111110111111111111111111111111111111111111111111111011111111111111111111111111111111111111100111111000003333333333333330303333330001111000000000000000000000033333333000000033311
110000000003333303330003000330000000033333300000000000000000000000000111111111111111111111111011111111111111111111111111111111110111111111111111111111111111111111111111111111011111111111110111111111111111111111111111111111000003333333333333303333333110011111010110000000000000000003030333000000003011
110000000000003333333000030033000000003333300300000000000000000000000311111111111111111111110011111111000000000111111111111111110111111111111111111111111111111111111111111000011111111111111111111111111111111111111111111111000000333333333330033333331111111111111111100000000000000000030003000000000011
110333300000000030333330000033300000000333330000000000003000000000000011111111111111111111110011111111000000000111111111111111111111111111111111111111111111111111111111111111111111111111111111110011111111111111111111111111100000333333333333333333311111111111111111110000000000000000330000000000000011
113333330000000333333333000033330000000333330000000000003000000000000011111111111111111111110011111111000000000100111111111111101111111111111111111111111111111111111111111111111111111111111011111111111111111111111111111111110000110333333333333331111111111111111111100000303000000000333330033000000011
110333333000000003033033000003330000000003333030000000000000000000000011111111111111111111110111111111000000111111111111111111001111111111111111111111111111111111111111111111111111101111111000111111111111111111111111111111100000110133330333311111001111111111111111110003333030000030333330030300000011
110000333000000000000033330003333000000003333033000000030000000000000011111111111111111111111111111111111000111111111111111111001101111111111111111111111111111111111111111111111110101111111001111111111111111111111111111111100000011111101111111111111011111111111111110030303003330030003333333330000011
110000033330000000000033303003333300000003333033000000033000000000000031111111111111111101111111111000111000111111111111111110110111111111111111111111111111111111111111111111111110111111111001011111111111111111111111111111100000110111101111000011110001111111111111110033003003033300033333333000003011
110000000000000000030003333330003300000000333033000000000000000000000031111111111111111011111111111111110000111111111111111111101111111111110111111111111110111111111111111111111111111111111000111111111111111111111111111111100001111111111111100000001000111111111111110003003303333333333333333000003311
110000000000000000000000333000000330000003333333000000000000000000000001111111111111111111111111111111111111111111111111111111111111111111111111111111111111111111111011111111111111111111111111111111111111111111111111111111111111111111111111100000011111111111111111110000333330333333333000303333303311
113000000000300000000003033000000030000000333033000000000000000000000001111111111111111111111111111111111111111111111000111110011111111111111111111111111111111111110011111111111111111111011111111111111111111111111111111111111111111111111110111000111111111111111111100000333303003033333000303033303311
110000000000000000000000333330000000000000033303000000000000000000000033111111111111111111111111111111111111111111111111111110111111111111111111111111111111111111110111111111111111111111011111111111111111111111111111111111111111111011111101111000000111111111111111100033333303333033333000333000003011
110000300003000000000000000330000030000000033333000000000000000000000033111111111111111111111111111111111111111111111111111010111111111111111111111111111111111111110111111111111111111111111111111111111111111111111111111111111111111011110111101101100001111111111111110303333300000333333333333333030311
110000030000330030000000000000000030000000003303300003000000000000000003111111000111111111111111111111111111111111111111110001111111111111111111111111111111111011011111111111111111111111111111111111111111111111111111111111111111110001111100111000000001111111111111000333333303000003333333333333330311
110000000000000003000000000000000000000000033333330000000000000000000303111111000011111111111111111111111111111111111111110001011111111111111111111111111111111111110111111000111111111111111111111111111111111111101111111111111110000111111111111000000001111111111110000333333330303333333303333333333311
110000000003030000030000000000000000000000000330330000000000000000000000311111111111111111111111111111111111111111111111100101111100111111111111111111111111110111111111111111111111111111101111111111111111011111011111110111111111111111111111111111111001011111111100003333300330333333333303333333333311
110000000003333000030000000000000000300000000330330000000000000000000000311111111111111111111000000111111111111111111111101101111111111111111111111111111111111111110111111111111111111111110111111111111111111111111110111111111101011011111100011111001000111111111111003333333330333333333333333333333311
110000000000333000000000000000030300000000000030333000000000000000000333011111111111111111111100000111111111111111110111111011111111111111111001111111111111111111110111111001110111111111111111111100111111111011111111111111111110100111111100011111111010111111101011033333333330333333333333333303333311
110000330000000000000000000000000300000000000330330000000000300333003333001111111111111111111110000111111111111111111111111111111111111111111000110111111111111111111101110001110111111111111111111110101111111111111111111111111111000001111110011111111111111111011100003333333330300333300003333303333311
110000000000000000000000000000000300330000000030333000000003330003033330030111111111111111111111000111111111111111111111111111111111101111111111001111011111111111111101100001110111111111111111111110111111111111111111111111111100111001111111111111111111111111111110003333333330333333333333333303333311
110000000000000000000000000000003000300000000000333000000003333003003303300111111111111111111111111111111111111111111111111111111111111111111111111111000110111111111011110111111111111111101111111110001111111111111111111111110000111111111111111111111111111111111110000333333330333300000003333333333311
110000000000003000000000000003333000300000000000333000000000033333003333331111111111111111111111111111111111111111111111111111111111111111111111111111000000111111111111110001111111111111111111111111000111111111111111111111111101111111111111111111111111111111111110303333333330330003000000333333333311
110000000300000000000003000333333003330000000003033000000000033330003303331111111111111111111111111111111111111111111111111111111111111111111111111110000000111111111111110001111111111111111110111101000111111111111111111111111101111111111111111111111111111111110030300333333330330033300000030333333311
110000003300000000000000000333330003000000000000033000000000003333333330333111111111111110000111111111111111011111111111111111111111111111111111111111000000011111111111100000111111111111111111110000001111111111111111111111111110111111111111111111111111111111111133303333330330033000300000000033333311
110000003000003000033333003330000000000000000000003000003333333000000333333111111111111111111111111111111110111111111111111111111111111111111111111111100000111111100001110000111111111111111111000001111111111111111111111111111100111111111111111111111111111111111130003330033333000000000000000033333311
110000003000000300003300300000033333000000000000003000000033333300000333333311111111111111111111111111111110111111111111111111111111110111111111111111111100011111000101110000111111111111111111000111111111111111111111111111111000111111011111111111111111111111111130003330003333303000000000000003333311
110000030000003303003330000003333333300000000000333000003000033330000300003331111111100000111111111111111110111111111111111111111111111111111111111111111110010001000110000111111111111111111111111111111111011111111111011111110001001111011111111100111111111111111130003333333330303300003303300003033311
110000030000033000003300000003333333033300000000333000003003333303330000000033311001111111111111111111111111111111111111111111111111111101111111111111111110111000000111101111111111111111111111111111111111111111111111011110011111111111111111111100101111111111111133000033333333330330033330330003000311
110000000000333000003003000333333330033300000033333000000000000003330000030033333300001100011111111110111101111111111111111111111111111111111111111011111111111110000111111111111111111111111111111111101111111110011111011111010011101111111111111111111111111111111133000003333333330333333333330000333311
110000000000330000000033003333333333333330000333333000003333300000000000333333333333333300033311111111111001111111111111111111111111110111111111111011111111111111110111111111111111111111111111111111111111111111111111111111110011011111111011111111111111111111111113330000333333033333333333333333333311
110000030000000000330333003333333333333300033333030000033333333330000000000000000033333303330311111111111001101111111111111111111111111111111111111111111111001111110111111111111111111111111111111111111111111110011111111111111111011111111101111111111111111011111113330000033330033303333303333333333311
110003003003000000003333003333333333333300033300000000003333330000003000000000000000000000000000000001110110111110011111111111111111111111111111111111111110000111110111111111011111111111100111111111111111111110001111111111111111111111111111111110110111110011111113333000003330333300333333333333333311
113333300303033003003333303333333333333300000003333000000000000000000000000000000000000000000000000001111101110000111111111111111111111111111111111111111111000111110111111000111111111111101111111111111111111111111111111111111111111111111111111111100111000111111113333300003330333330333333333333300311
113333330003300000003333303330333330033000000000033000300000000000000000000333333333003003333311111111111111111000000000000111111111111111111111111111111011111111101111111111111111111111111111111111111111111111111110111111111111111111111111111111111111000111100111333330300333333330003333333333003311
113333030030300300333333003333333330333300000000000000000000000000000000333333333303333333333331111111111111111110000111111000000000111111111111111111111111111011101111111111111111111111111111111111111011111111111110111111111111111111111111101111111111100110101111033333330033033330333333333330333311
113333033000300003333330033333333333000000000000303300000000000000000003333333333303333033333333111111111111111111101111110100000000000001111111111111111111111111011111111111111111111111111111111101101111111111111101111111111111111111111010111111111111110111101111103333330033333330333003333333333311
110030003333330033333333003333333000000000003303333330000000030003333333033333303333303300033333111111111111111111111111111111001100000000001111111111111111111111011111111111111111111111111111111101111011111111111111111111111111111111111000111111111111111010111111113333330033333333303333333333303311
110000000033300333333303330333000000000003333333330330000000330333333330000003333333033003333333111111111111111111111111111111101100000100000011111111111111111011110011111111111111111111111111111111101111111111111011111111111111111111111110111111101111111010111111113333330033333330333333333333333311
113300000000000333333333033000003000000033333333300330000030333333333300000033330333030000033333111111111111111111111111111111111100010111100000111111111111111111111111111111111111111111111111111111111111111111111011111110111111111111111111111111111111111000001111111333330033333330333333333333333311
110000000300030033330300333000300000000333333333000030000003333333330003000333003333030000033331111111101111111111111111111111111111110011110111101000000001111111111111111111111111111111111111111111101111111111111111101110111111111111111111001111111111111001001111100003333003333333333333333333333311
110000000300030033303303000030000000000330330000003000000033330000000030000300003333330333333331111111101111111111111111111111111111111111111100111111000000001111111111101111111111111111111111011111111111111111100111101110111111011111111111110111111111111101111111010003333003333333333003333333333311
113030303330333033333330000000000000000300033330303000000033000000003330000000333303000000333331111111111111111111111111111111111111111111111111111111100000000111111111111111111111111111111111111111111111111111100111111110111111111111111111111111111111111111111111003000300033333333333033333333333311
113330030330300033333000000000000000000000333300333000000033000333000333300003333000000003333311111111111111111110111111111111111111011110111011111111110111000000011111111111111111111111111111111111111111111111101111111110111111111111111111111111111001111111001111133300330033333333333333333333303011
110333033303303333333000300000000000000030330300333000000000000333303333300000003300003003333311111111111111111111111111111111110111101111111111111111111111111000000000111111111111111111111111111101111111111111101111111110111111111111111111111111110011111111111111333333330033333333333333333333333311
113330033333003333300003000000000000000000333333333000000000003333000333300000003300000003333311111111111111111111111111111011111111101111111111111111111000000000110000000111111111111111111111111111111111111111101111111110011111111111111110001111110011111111101113333333300333333333333333333333333311
113333333303333330000000000000000000000000000333333000000000003300000000330000003000003003333111111111111111111111111111111111111111111101111111111111111100000000111111000000000111111111111111111111111111111111101111111110011111111111111110001111111111111100011133333303000003333333333303333333333311
110033003333333300000000000000000000000000003000000000000000003003330030000000003000003000033111111111111111111111111011111111111111111110011111111111111110000000111111111110000011111111011111111111101111111111111111111110011111111111111110011100111111111110101333330333000000333333333333333333333311
110000300330033000003030000000003330333000000000000000003000003033333330000000003000003000331111111111111111111111110111111111111111111110111111111111111000000000111111111111100001111111000111111111001111111111111111111110111111111111111111111100111011111110113333333330300000333333333333333333333311
110000330300330030333000000000000330030000000000000000003330033333333333300030003003033300311111111111111111111111111111101111111111111111111111111111111111111111000000000111101110000000001000001111001111111111111111111111111111111111111111001111111001011111103333333330030000000333333333333333333311
110000330330000333333030000000000303330000000000000000333333333333000333333003333030003000311111111111111111111111111111111111111111111111111111111111111111111111111111111111101110111110000001001111001111111111111111111111111111111111101111111111111100111111333033333330000030000333333333333333333311
110000330330003333333333000000000000330000000000000000033333333330000333333000333300030000311111111111111111111111111111111111111111111111111111111111111111111111111111111111111111100111010000000111011000111111111111111111111111111111001111111111111111111113333303333330000033003333333333333333333311
110000030303333333333333000000000000300000000000000000033333333330330333333003000000300000031111111111111111001111111111111111101111111111111111111111111111111111111111111111111111011111111000000011111000001111111111111111111111111110000111111111111111111113333303333300033033333333003333333333333311
110000000333333333333333000000000000000000000000000000033333303033330333333003003330000000031111111111111111111111111111111111111111111111111111111111111111111111111111111100111111011111111000111010000000000001010011111111011111111100111111111100011111111133333333333333330033333333333333333333333311
110000000333333333333333000000000000000000000000000000333333303333333333333333333330300000003111111113303311111111111111111111111111111111111111111111111111111111111111111100011111111111111111110110000000000000000000000111001101111100111111111110011111111333333333333333330003333333333333333333303311
110000000333333000333330000000000000000000000000000000333030333333330033333333333330000000000331110330303001111111111111111111111111111111110111111111111111111111111111111100011131111111111111110111111000110000000000000000000000000001011111110111111000013333333330333333333003333333330033333333300011
110000000000000000033330000000000000000000000000000000033333333330033033303333333333330000300000000330333010101111111111111111111111111111111111111111111111111111111111111111001111111111111111111111110111111111111111100000000000000000001111110111001000003333333333333333333303333333333333333333003311
110000000000000000003330000000000000000000000000000030333333333303330000333333303333000300000000000000031000011111111111111111111111111111111111111111111111111111111111111111001111111111111111111111111111111111111111111111111100000000001111111111000000003333333333333330333303333333333333303333033311
110000000000000000000000000000000000000000000000333300333333333333330000033333000003303333000000000000000110111111111111111111111111111111000111111111011111111111111111111111111111111111111111111111111111111111111111111111111111111000000000111111000000000033333000300030333303333333330330033033333311
110000000000000000000000000000000000000000000030033333333333333333300000003000333003303333300000000000001111111111111111111101110111111111000111111111000111111111111111111111111110111000111111111111111011111111111011111111001111111111111000001111110000000003333333000000333300333333330333030003333311
110000000000000000000000000000000033000000000333033333333333333333000030000003333330303333330000000000011111111111111111111101110111111111000011111111000111111111111111111111111111111111111111111111111111111111111111111111111111111111111000000011111000000333333333330000033300033303333333330003033311
110000000000000000000000000000000033000000000333333333333333333333003333330333303333300330333000000001111111111111111111111111111111111111000111111111110111111111111111111111111111111111111111111111111111111111111111111111111111111111111110000000000333333333333333333330333300000033333333333333333311
110000000000000000000000000000000000000000003333333333000330333333333333333303330330000300303330300011111111111111111111111111111111111111000111111111111111111111111111111111111111111111111111111111111111110111111111111111111111111111111111110011000033333333333333333330333333300033333333330330333311
110000000000000000000000000000000000000000000333333330000333033030333333333300333330000033000330010111111111111111111111111111111111111111111111111111110111111111111111111111111111111111111111111110111111110011111101110011111111111111111111111111000003333333333333333333333333330033330033330333333311
110000000000000000000000000000000000000003033333333000000000333330033333333330033333000003003333000111111111111111111111111111111111111111111110001100110111111111111111111111111111111111111111111111111111111111110000000111111111111111111111111111303000333333333333333333333033333003303000033333303311
110000000000000000000000000300000000000000033333000000000000033330003033333333003333333033303333101111111111111111111111111011111111111111111110011111110111111111111111111111111111111111111111111111111110011111100010000011101111111110001111111113333333000333333333333333333033033003333000003333333311
110000000000000000000000000000000000000330333300000000000000003300000030333333003333333003330333101111111111111111111111111111111111111111111110011111111111111111111111111111111111111111111111111111111111111011110110000001111111111110001111111003000033330033333333333333333033033300333030003333330011
110000000000000000000000000000000000000303300000000000000000003000000030333333330300033003333333111111111111111111111111111111111111111111111110111111111111111111111111111111111111110001111111111111111111111111110100000001110100000010001101111030003333333000333333333333333033330330333033333333300011
110000000000000000000000000000000000000330000000000000000000000000000000330033330000003330003333011111111111111111111111111111111111111111111111111111111101111111111111111111111111110001111111111111001111110111110011000000000000000101000001113333333333333300000333300033333033333030333003333333300011
113000000000000000000000000000000000000030000000000000000000000000000000000033330000000330003333111111111111111111111111111111111111111111111111111111111100111111111011111111111111111011111111111111011011110111000111100000010000000111001000001333333333333300300033333333333333333003333003333333330011
113000300000000000000000000000003330000000000000000000000000000000000000003333330000000330000033011111111111110111111111001001111111111111111111111111111111101111111011111110111011101011111111101011000001110000101110000001100000000001001000001133333333333333333000003333333333300003333333333033330011
113000000000000000000000000000333300000000000000000000000000000000000000000030330000000000000000000111111111111111110011001110111111111111111111110101111111100111111111111000110111100011111111000111010000010001101110001101100000000111110000001113333333333333303333000000333333300003333303003333300011
113330000000000000000000000003333000000000000000000000000000000000000000000000000000000000000000001011111111111111111010001110111111111111111111110111111111110111111111111000111101100101111111001100010001010011111111110001100000000000000000001110333333333333333333000000003333000003333300330333003311
113333000000000003300000000033300300000000000000000000000000000000000000000000000000000000000000000000101010001101111111111111111111111111111111111111111111111111111111111000011111000101111111111111111111110111111110110101000000000000000000001100033333333333333333030000000333000003333300330300003311
113333330003000003333000000000300000000000000000000000000330000000000000000000000000000000000000000000100000000300000000000010000000001100111111111111111111111111111111101000000011000101111111111111111111111111111010001110010000000100000000111001133333333333333333033330000033000003333303333000033311
110333333333330333333000000000000000000000000000000000000000000000000000000000000000000000000300000000300000000300000000000000000000000000000111111111111111111111111100100001100111000111111111111111111111111111110001101110000000000000000000111001113333333333333333303333000000003003333333333000033311
110000000000000000000000000000000000000000000000000033333330000000000000000333000333000000000000000000000000000000000000000000030000000000000011111111111111111111100000010001110111001111111111111111111000111111110001111110110000000000000100100000111333333333333333303333330000003330333333300000033311
110000000000000000000000000000000000000000003030000000003333000000000300000030000033000000000000000000000000000000000000000000000000000000333330000111111111111111100000000011111001001111111111111111111110111100000011101110100000000011111100000000110333333333333333303033333330000330330300000000333311
110000000000000000000000000000000000000000000000000000003333333000000000000033000333000000000000000000000000000000000000000000030000000000000030003301111110000111100000000011110001000111101111110111111000111000000011001110000001000311111110000000111133333333333333333003333333000333303303033333333311
110000000000000000000000000000000000000000000000000000000000330003000000000003003333000000000000000000000000000000000300000000000003300000000000000000331110000001111000000011110100000100001011110111111100000000001101110010010001111111111111111000011133333333333003333033333333333000333333333333333311
110000000000000000000000000000000000000000000000000000000000333000000000000003033333000000000000000000000000000000000330300000000303000000000000000000000000000000000000300000000000001110000111111111111000000000001010110011010110111110001110111111111111333333333003333333333033333033300000003333333311
110000000000000000000000000000000000000000000000000000000000003300000000000000333333000000000000000000000000000000000333000000000300000000000000000000000000000000000000000110000000001100000011111111111000000000000000100011111110111000000000111111110111133333330033333300000033330033330000000003333311
110000000000000000000000000000000000000000000000000033330000003333330000000000333333000000000000000000330000000000000000000000000030000000000000000000000000000000000000000100000000001110000001111101111000000000010000000111111111111110001001111111111111113333303030333330000330003333333333300000033311
110000000030000000000000000000000000000000000000000333333300000003333333000000033333000000000000003333333300000000000000000000003030000000000000000000000000330000000000030000000000001110000111111001111000000110000000111111111111111111111111111111111111111333003333003333330300333333300003330000000011
110000000300000000000000000000000000000000000000033330333330333003333333300000033333000000000000003003333330000000000000000000003330000000000000003000000003300000000000000000000000001100000011111001111100110110001111111110000111111111111101111111111111111333300330033330330000333333000000300000033011
110000000000000000000000000000000000000000300000033333333333333330333333033300000000000000000000000003330000000000000003000000000330000000000000000000000000000000000000000333100000000001000011011111111001110111111111111110000111111111111111111111111111111333333300033033333333333333330003003303000011
110000000000000000000000000000000000000000000000033333333333333330333333333300000000000000000000000000030000000000000000000000030000000000000000000000000003033330000000000333000000000000000000000000111011111111111111111111000111111111111011111111111111110033333330330033303303333333303333333333000011
110000000000000000000000000000000300000000000000333333333333333333333333333300000000000000000000000000000000000000000000000003000000000000000000000303000303330000000000003333000000000100000000000000111000000011111111111111111111111111111111101110111111111033333330000303003303333333003333333333330011
110000000000000000000000000000000330000000000000333333333333333333333333333000300000000000000000000000000000000000000000000003000033300000000000000300030030110111000111111330000000000000001110001100111111111111111111111111111111101111111111000111111111111033333333003333033033333000000333333333303311
110000000000000000000000000000003330000000000000003333333333033333333333300000300000000000000000000000000000330000000000000033000030300000000000000003331111111111110111001100000000000100000101011000111111111111111111111111111111111111111001000011110111111333333333333003033033333000003033333333333311
110000000000000000000000000000000330300000000033000333333330033333333333000000000000000000000000000000000003300000000000003333000000000000000030000301111111111111110110000111303000000100000101110001111111111111111111111111111111111111111111000000111111110333333003333333300033333000333333333333333311
110000000000000000000000000000000333300000000333333333333330033333333333000000000000000000000000000000000003300000000000000000030000000000000030331111111111111001110001001111000000000000000111110000110111111111111111111111111111111111111101000011001110113033303300033333303000333300030033333333333311
110000000000000000000000000000000033330303333333333333333333333333333333000000000000000000000000000000000000000000000000003333303000300000003333111111111111111100010111110101000000000000000111100110000011111111111110111111111111111111111001111110000011133330333330003333300000033333030033333333333311
110000000000000000000000000000303333300333333333333333333333333333333333030000000000000000000000000000000000000000000000003333303000300000003311111111111111111110110011101101000000000110000011100010001001111111101111111111111111111111111101111111111111133333333333030333300000003333330333003333333311
110000000000000000000000000000000333300333333333333333333333333333333333000030000000000003000000003030000030000000000000033003330030000030003111111111111111111100110010000100000000000110000011100010000000111110111111111110110111111111111110111111111011130003333333333003303000003333333333003333333311
110000000000000000000000000000003333333333333333303333333333333333333330300000000000000000000000033300000000000330000000333003003003300000330111111111111111111001111110011110000000000110000001001110000010011111111111111110000011111111111101111011111011133303330003333330333333330000333333000033333311
110000000000000000000000000003333333333333333333303333333333333333333333000030000000000000000000003000000000000300000003033003000030000003330011111111111111111111111111111110000000010111000000011100000010111111110111111110110111111111111100100111110011133333000033333333003330033330033000030033333311
110000000000000000000000000033333333333333333333333333333333333333333333000030000000000000000000033030000000000330000003003033000030030003000111111111111111111111011111111100000000011111000000000000100000101111110111111100110111111111111111000000110010133333333333333000300300003333033000333333303311
110000000000000000000000300333333333333000333333030333333333333333333333000003000000000000030000003000000000300033000000303033330300003300001111111111111111111111001111111100000010111111000101010000000000001111110111001001110111111111111111000000111011103033333333333000333000003033330003333333303311
110000000000000000000000333333333333333333333333333333333333333333333330000000000000000000330000000000000000300330330300300000330000003330111111111111111111111111111111111000100011111111111111111100100010000011111111111111111111111111111111100000011001003333333333333033333330333333333003333333330011
110000000000000000000000333333333333330033333333333333333333333333333333000000000000000000300000000000000000300330330003300300000000333311111111111111110111111111111111111000100011111111010001111110000000000001111111111110111111111111111111110001011001103333333033333333003333003333333330333333330011
110000000000000000000000333333333333033333333333333333333333333333333333000000000000000000000000000330000000333330330333330033000300333111111111111111111111111111111111111000111111111111111111111100000000000001111111111111111111111111110111110011111000003333330000003333333333300333333333333333303011
110000000000000000000000333333333333333333333333333333333333333333333333030000000000000000000000003000000003333330330330300333330300331111111111111110111111111111001111111000111100001111111111111110110110000000000111111111111111110011111111111111111000033333330333000333333333333003333333333333330011
110000000000000000000003333333333333333333333333333333333333333333333333330000000000000000000000000303000000333330330000030333333300331111111111111110111111111110000111110000000000111111111111111111110111011110000011001111111111110011111111111111111000033333300330000333033333333003333333333333330011
110000000000000000000003333333333333000303333333333333333333333333333333000000000000000000000000003300000000303333333300030003333333311111111111111110111001111111111111111100010100111111111111111111110111011111000000001111101111111001111111111111111100000033000000000000000333333333003333333330330011
110000000000000000000000333333333000000033333333333333333333333333333333000000300000000000000003300300000000003333303330033300000333311111111111111111110001111111111110111111110111111111111111111111111100101111100000111111001001111111111111111111101100000003000000000000000333333300030033333330000011
110000000000000000000000333333333000003030333333333333333333333333333333033000300000000000000000333300030003003333333000033300003303111111111111111111110011111111111100011111010111111111111111111111111000101111110000111111111111111111111111111111111110000003033333333000300333333330030003333333000011
110000000000000000000000333333330300033333300000033333333333333333333333003000330330000000000033330300000003000330333303333000330333111111111111111111110111111111110000111111101111111111111111111111111101100111110001111111111111111101111111111111111110000000003333333333333333333330300003333333333011
110000000000000003000000033333333300033333300000000333333333333333333333333300003000000000000000003000030000003330333330333000333331111111111111111111111111111111010001101110000111111111111111000110111111111111111001111111111111111111111111111111111003000000000333333333333333333333333330003333333311
110000000000000300000000000303333000003333300000003333333333333333333300303330003000000000000000000000000000333330333000333000033311111111111111111011111111111111110011001111111111111011111111100110111111111011111011111111111111111111111111111111111100000000000333333333333033333333333333330333333311
110000000000030000000000003333000000003333330000000333333333333333333333300330000000000000000000000000000000003333330330033300033311111111111111111110110111111111101111001111111111111011111111100110111111111111111111111111111111111111111111111111111130000000000000003333333300033333333330330003333311
110000000000000000000000003330000000003333333000003333333333333333333330330330000000000000000000000000000000000033330000033333333311111111110111111111111111111110111110011111111111111010111111011111111111111111111101111111111111111111111111111111100100000003330333000033333333333333333333303300030311
110000000000000000000000003300000000033333333000003333333333333333333333330000000330000000000000000003000000000333300000033333333311111111111101111111111111111111111110011111111111111111111111111111111111111111101100111111111111111111111111111111000000000000333333030003333300033333333333333330003311
110000000000000030000000003000000000033333333330033333333333333333333330000000333330000000000000000000000000000330000030030333333311111111111101111111101111111111111110000011011111111011111111111111111111111111000110001111011111111111111011111110013000000000003333330003333330333333333333333333300011
110000000000000000000000000000000000333333333333333333333333333333333330030000033333000000000000000000000000000000000000330033333311111111111111111111011111111001111101001111111111111111111111111111111111111111111111100011111111011111110001111100000000003333333333333333333330330333333333333333333011
110000000000000000000000000000000000333333333333333333333333333333333330030000033330000000000000000000000000000000300000333003333111111111111111111111111111110001111001111111111111111111111111111111111111111111111110110001111111111111110001111110330000033333033033333333333333330333333333333333333311
110000000000000000000000000000000000333333333333333333333333333333333330300000000000000000000000000000000000000003000033333303333111111111111111111111111111110011111111111111111111111111111111111111111111111111111110111110111111111111110011111110000000330333033003333003033333330333333333333330333311
110000000000003330000000003330000000333333333333333333333333333333333330300000000000000000000000000000000000000003000000033303333111111111111011111111111111111011111111111111111111111111111111111111111001111110011111111111111111111111111111111100000000030003333303300000030033333333333333333333033311
110000000000033333000000033330000000333333333333333333333333333333333303000000000000000000000000000000000000000000000000003003333111111111110011111111111111111111111011111111111111111111111111111111111001101111011111000111111111111111111111113000000000333333000003300003000003333333333333333333333311
110000000000333333333300033333000000333333333333330333333333333033333003000000000000000000000000000000000000000000000000000000333111111111111111111111111111111111111001111111111111111111111111111111111001111111111111000011111111111111111111000000000033333333033033030333300333333333333333333333333311
110000000000333330000000000333000003333333333333333333333333333333333000000000000000000000000000000000000000000000000000000033333111111111111111111111111111111111111001111111111111111111111111111111111011111111111111111111111110011111111111000000000000333333303333030300333333333333333333333333333311
110000000000333330000000000300000003333333333333333333333333333333330000000000000000000000000000000000000000000000000000000033333111111111111111111111111111111111110011111111111111111111111111111111111111111111111111111111111111001111111133000300000033000333333030000300333333333333333333333333333311
110000000000333000000000000003000333333333333333333333333333333330000000333300000000000000000000000000000000000000000333000000333111111111101011111111111110111111100111111111111111110101111111111111111111111111111111111111111111101111111333300300003333300000000000000330303333333333333333333333333311
110000000000300000000000000030000033333333333333333333333333333333300003333333300000000000000000000000000000000000330330000000333111111111111000111111011010111111111111111111111111111111111111111111111111111110111111111110111111110111330333330000003333333300000000030333033333333333333333333333333311
110000000000000000000000000000000003333333333333333333333333333033300333333333333000000000000000000000000000000000333330000000333111111111111100111111000000111111111111111111111001111111111111111111111111111110111111101110111111110113330033000000003333033300030003000030033333333333333333333333333311
110000000000000000000000000030000333333333333333333333330333333330003333333333333330330000000000000000000000000000003030000000003111111111111001111110000000331111111111111111111001111111111111111111100111111110111111111110111111000003333000000030003330033333333000000300033333333333333303300000333011
110000000000000000000030000330000030333333333333333333333333333333003303333333333333330300000000000000000000000000000300000000003111111111111111111100000333331111111111111111111011111111111111111111111111111111111111111111111111111110033000000000333333333333333330003333003333333333333300000000000011
110000000000000000000030000300000000333333333333333333333330333333033333333333333333330300000000000000000000000000000300000000003111111111111111110000000000331111011111110111111011111111111111111111111111111111110111111111111111111110033000000003333033333333333300003333003333333333300000000000000011
110330000000000300000330000000000000000333333333333333333333333333333333333333333333333300000000000000000000000000000000000000000011111111111001000000000303331111011111111111111111111111111111111111111111111111110111111111111111111111003300000333300330333333333300333303003333333330000000000000000011
110330000000000000000000000000000000003033333333333333333303333333333333333333333333333330000000000000000000000000000000000000003311111111110010000000030333331110111111111111111111111111111111111111111111111111111111111111111111111110000000000333333333333333333333333003033333333000000000000000000011
110330000000000000000000000000000000003333333333333330333333333333333333333333333330333330000000000000000000000000000000000000003001111111000030000000033003331111111111111111111111111111111111111111111111111111111111111111111111111110030000000033333333333333330030330000033333333000000000000000000011
110333300000000000000000000000000000033333333333333333333033333333333333333333330000333330000000000000000000000000000000000000000001111110000000000000330003331111111111111001111111111111111111111111111111111111111111111111111111111100100000000033333333330000000000000000033333300000000000000000000011
110033000000000000000000000000000000333333333333330033333333333333333333333333333300333330033333000000000003330000000000000000000000111100003000000003300003330111111111111111111111111110111111110111111111111111111111111111111111111000000000000333333300000000000000000000000033330000000000000000000011
110033300000000000000000000000000003333333330333000033333333333000333333333333333030333330033333000003300030030000000000000000000000003000000000000003003033330111111111111111111111111110111111111111111110111111111111111111111111110000000000000333333000000000000000000000033003300000000000000000000011
110033030000000000000000000000000003033333330330000000333333303303333333333333330000003330000330000030333333333330000000000000000000000000000000000000030003331111111111111111111111111110111111111111111111111111111111111111111111110000003000033333330000000000000000000000000000000000000033300000000011
110000333000000000000000000000000333333303333333303303333330003000003333333333000000030333330330000000003333333333000000000000000000000000000000000000003033331110111111111111111111111101111111111111111111111111111111111111111111100000033303333333300000000000000000000000000000000000000033000000000011
110000330000000000000000000000333333333333333333330333333330003330033333333333000000000003333330000003000000000300000000333000000000000000000000000000003033331111111111111111111111111001111111111111111111100111111111111111111111000001030333333333300000000000000000000000000000000000000033300000000011
110033030000000000000000300000333033333333333330333333003330033333033333333333000000000003330000000003000000000000000003000300000000000000000000000000003303331111111111111111111111111001111111111111111111111001111111111111110111001001103333333333000000000000000000000000000000000000000303300000000011
110000333000000000000000000000303333333333333333333300333330033333003333333333000000033333333300000000000000000000000000033000003300000000000000000000000033331111111111110111111111111011111111111111111111111111111111111111111111001000133333333333000000000000000000000000000000000000000333330000000011
110000303000000000000000000000303330333333333333333333330033333333003333333333000000033333333300000300000000000000000000000000003300000000000000000000000033331111111111110011111111110011110111111111111111111111001111111111111111001000033333000000000000000000000000000000000000000000003333330000000011
110000333000000000000000000000303333333333333333333330033300033333033333333333300000033333333000033333330000000000000000000000003003000000000000000000000003331111111111110001111111110001000111111111000000011111111111111111101110011000333330000000000000000000000000000000000000000000003333330000000011
110000333000000000000000000003333333333333333333333333333000330033003333030033000000333330033333333333000030003000000000000000000000000000000000000000000333331111111111111111111111111111100111111000000000100011111111111111001111011001333030000000000000000000000000000000000000000000000333330000000011
110000333000000000000000000003333333333333333333333333333000330000033333000033000000003333003330303303003300000000000000000000000000000000000000000000000003311111111111111111111111111111100111111000000000100011111111111111011111110003333000000000000000000000000000000000000000000000033333330000000011
110000033000000000000000000003333330333333333333333333333030000000033330033333000000000330300330000003000000300000000000000000000000000000000000000000000033111111000111111111011111111011100111111000000000100011111111111110011111110003333000000000000000000000000000000000000000000000333333333000000011
110000030000000000000000000000333333333333333333333333333000000000033333333333000000000000000030000000000033000000000000000000000000000000000000000000003331111111111001111110011111111011111111110111110000111111111111111100111011110003330000000000000000000000000000000000000000000000333333333030000011
110000030000000000000000003333333000333333333333333333030000000000030033333303000000000000030030000000030003000000000000000000000000000000000000000000033331111111111111111110011111111011111111011111110000111111111111111001101111110033330000000000000000000000003030000000000000000003330330000000000011
110000030000000000000330033333333000300033003333333330000000000000000030030000000000000000000000000000000030033000000000000330033000000000000000000000033011111111111111101110011111111111111111111111110000111111111111111001011111100333330000000000000000000000000330000000000000000003030000000000000011
110000000000000000300000033333300000000000000003333033000000000000000000003000000000000000000000000000000000330000000000003333333330000000000000000000033311111111111111111110011111111111111111111111111111111111111001111100111000000303000000000000000000000000030000000000000000000003030000000000000011
110000000000000000300000033333333000000000003303333000000000000000000000000000000000000000000000000000000000000000000000033333333333030000000000000000000311111111111111111110011111111111111111111111111111111111111011111100001000000303000000000000000000000000000000000000000000000033330000000000000011
110000000333000000333000033003330000000000003003333000000000000000000000000000000000000000000000000000000000000000000000333333333333333000000000000000000010111111111111111110031111111111111111111111111111111111111111111100000000000033300000000000000000003000300000000000000000000003000000000000000011
110003330000000000333033033003330000000000000003333033330000000000000000000000000000000000000000000000000000000000000000333333333330000000000000000000000311111111111111333000003101111111111111111111111111111111111111110100000000000033330000000000000000333000000000000000000000000033000000000000000011
110003330000000000330003033333330000000000000000003003300000000000000000000000000000000000000000000000000000000000000000333333333330000000000000000033000011111111111133333000003331111111111111111111111111111111111111100000000000000033330000000000000000003000000000000000000000000000000000000000000011
110003330000000000000333333333330000000000000000000000000000000000000000000000000000000000000000000000000000000000000000333000300000000000030033000003000011111110111333333000000003300111111111111111111111011111111110101000000000000000330000000000000000033003300000000000000000000000000000000000000011
110000000333000003333330333333330000000000000000000000000000000000000000000000000000000000300033330000000000000330000000000000300000000000030300000300000331011100000333330000003030300011111111111111111111111111111111011000000000000000000003300000000000030000300000000000000000000000000000000000000011
110000000333000033333330333333330000000000000000000000000000000000000003000000000000000000000033330000000000003030000000000033000000000000000300000330003330010001030030330000003030300000101111111111111111111111111111011000000000000000000000000000000000003000000000000000000000000000000000000000000011
110000000333000033333330333333300000000000000000000000000000000000033330300000000000000330000000000000333000030000000000000000000000000000333303003333000030330003000000300000303000030000100011111111111111111111111111111000000000000000000000000000000000003000000000000000000000000000000000000000000011
110000003303333333333003333333000000000000000000000000000000000000330000033330000000033333000000000000000000000000003000000000000000000000003030033003000030300000000003003000003000003300300011111111111111111111111111110000000000000000000000000000000000000330000000000000000000000000000000000000000011
110000003333303333333333333333000000000000000000000000000000000003330000000300000000033330000000000000000000000000003000000000000000000000033000003303300330000000000333033000003000003300000001111111111111111111111111110000000000000000000000000000000000000000330300000000000000000000000000000000000011
110000003333303333333333333300000000000000000000000000000033333333330000000003000003330000000000000000000000000000000000000003000000000000030300030033330333000000000333000000000030000003000001111111111111111111111111100000030000000000000000000000000000000333330000000000000000000000000000000000000011
110000000003303333333333333000000000003000000000003300000333333303000000000000300033300000000000000000000000000000000000000000000000000000030330030003333033000000000003000000030030303003003000111111111111111111111111100000030000000000000000000000000000000000000030000000000000000000000000000000000011
110000000000303333333333330000000000000333000000333330000330300000000300000000000033000000000000000000000000000000000000000000000000000030030033330003333033000000000000000000033000333003003000301111111111111111111111100000000000000000000000000000000000000000003330000000000000000000000000000000000011
110000000000303333333333330000000000000330000003303330000330000000000000000000003330000000000000000000000000000000000000000000000003033000030030000300333033300000000000000000033000303300000000000111111110111111111111000000000000000000000000000000030000000000033300000000000000000000000000000000000011
110000000000003333333333330003300000033330000003303330000030000000000000000000000000000000000000000000000000000000000000000000000003333000333330330033333033303000000000000000030000000300000000000001111111111111111100000000000000000000000000000000003330000000033303000000000000000000000000000000000011
110000000000033033333333330033300000033333300033303003000033300000000000000000000000000000000000000000000000000000000000000000000333333333333300330000333033330000000000000000330003000330000000000000001100111110000000000000000000000000000000000000000000030000000030000000000000000000000000000000000011
110000000000033033333333330333000000030333300333333030000033300000000000000000000000000000000000000000000000000000000000000000003333333003333333333000033033333300000000000000000003000000000000000000033111101100000000000000000000000000000000000000000000030000000033000000000000000000000000000000000011
110000000000003333333333330033300000033330003333303030000003000000000000000000000000000000000000000000000000000000000000000000003333330330333333333300000333333000000000000000000000000000000000000330033003000000000000000000000000000000000000000000000000003000000033300000000000000000000000000000000011
110000000000003333333333330033300000003333303333333330000003000000000000000000000000000000000000000000000000000000000003300030003330003033000333333030000333333000000000000000000000000000000000000330033000000000003000000000000000000000000000000000000000003300000003330000000000000000000000000000000011
110000000000003333333333330033300000003333303333333330000003000000000000000000000000000000000000000000000000000000000000000333000333030030000333330000000333330000000000000000000000000030000000000300000000000000003000000330000000000000000000000000000000003330000003333000000000000000000000000000000011
110000000000003333333333330033300000000033033333333330000003000000000000000000000000000000000000000000000000000000000000033300033333333300003033333000000003333000000000000000000000000000000000000000000000000000003000333000000000000000000000000000000000000033000003333333300000000000000000000000000011
110000000000003333333000000033300000000003333333333000000000000000000000000000000000000000000000000000000000000000000300333000303003300003033333333300000000333000000000000000000000000000000000000000000000000000000033333000000000000000000000000000000000000330300000330333330000000000000000000000000011
110000000000003333333000000033300000033003333033333000000000000000000000000000000000000000000000000000000000000000000000000000303003300003303333330000000000000000000000000000000000000000000000000000000000000033330003330000000000000000000000000000000000000330030000030030333000000000000000000000000011
110000000000000003333300000000000000333333333333333000000003000000000000000000000000000000000000000000000000000000000300000000003303300033000033030000000000000000000000000000000000030000000000000030000000003333330000000000000000000000000000000000000000003333330000030000033300000000000000000000000011
110300000000000000000330000000000000003333333333333000000003000000000000000000000000000000000000000000000000000000000330000000033333000000000033000030000000000000000000030000000003000000000000000000000000003333300000000000000000000000000000000000000000000303300000003333003300000000000000000000000011
110330000000000000000000000000000000003333333333330000000003000000000000000000000000000000000000000000000000000000000330000000033330030000000333300000000000000000000000333000000303000000000000000000000000003333300000000000000000000000000000000000000000000303300000003300003330000000000000000000000011
113303000000000000000000000000000000000333333333330000000000000000000000000000000000000000000000000000000000000000000300000000030003033000000000030030000000000000000003330000003333300000000000000000000000003330000000000000000000000000000000000000000000000000000000003303333330000000000000000000000011
113333000000000000000000330000000000000333003300000000000330000000000000000000000000000000000000000000000000000000000000000000330000003300030000033000000333000000000003333000303330000000000000000000000033333300000000000000000000000000000000000000000000000000003000000333000300000000000000000000000011
113333300000000000000003333000000000000333003000000000000330000000000000000000000000000000000000000000000000000000000000000000003000030000033000000300000303000000000000000000300303000000000000000000000333333300000000000000000000000000000000000000000000000000003000000303033300000000000000000000000011
110003000000000000000333003330000000003300000000000000003300000000000000000000000000000000000000000000000000000000003000000000000000003003303303000000003303000000000000003000300033330000000000000000003333333000000000000000000000000000000000000000000000000000003000000000303300000000000000000000000011
110003000000000000000333000333330000000000000000000000033000000000000000000000000000000000000000000000000000000000000300000000000000000330033333330000000300000000000000303000300033330000000000000000000033330000000000000000000000000000000000000000000000000000003000000000333300000000000000000000030011
110000000000000000000333003333330000000000000300000000033000000000000000000000000000000000000000000000000000000000000333303333000000000030033330330000000000000000000000033300000033330000000000000000000033000000000000000000000000000000000000000000000000000000003000000000030000000000000000000000000011
110000000000000000000333003330333000000000003330000000003000000000000000000000000000000000000000000000000000000000000000033333300000000000000000330000000000000000000000033330000033333330000000000000000333330000000000000000000000000000000000000000000000000000000333000000000000000000000000000000000011
110000000000000000000033300000033300000000333330300000030000000000000000000000000000000000000000000000000000000000000000000003333000000000000000000000000000000000000000333330000033333330300000000003333330000000000000000000000000000000000000000000000000000000003333000000000000000000000000000000000011
110000000000000000000003300000003330000000333333300000030000000000000000000000000000000000000000000000000000000000000000000000333300000000000000000000000000000000000003333330000033333330000000000003333330000000000000000000000000000000000000000000000000000000003333300000000000000000000000000000000011
110000000000000000000000330000000033000033333303300000300000000000000000000000000000000000000000000000000000000000000000000000003333000000000000000000000000000000033333333303000033333330033000000003033000000000000000000000000000000000000000000000000000000000000003333333000000000000000000000000000011
110000000000000000000000330000000000300333003303300000300000000000000000000000000000000000000000000000000000000000000000000000000033333333330000000000333330000003333333333003000333333333330000000003003000000000000000000000000000000000000000000000000000000000000033033330300000000000000000000000000011
110000000000000000000000030000000000333330003303300000000000000000000000000000000000000000000000000000000000000000000000000000000003033033333333000003333333333333333330033333000330000000030000000033003000000000000000000000000000000000000000000000000000000000000033033330000000000000000000000000000011
110003330000000000000000000000000000000300033303300000000000000000000000000000000000000000000000000000000000000000000000000000000000000000333333333330033333333333333300000303330000000000000000000333000000000000000000000000000000000000000000000000000000000000000003333300300000000000000000000000000011
113333330000000000000000000000000000000000000303300003000000000000000000000000000000000000000000000000000000000000000000000000000000000000000000003033033033333333333000003303300000000000000003333333000000000000000000000000000000000000000000000000000000000000000000033330000000000000000000000000000011
113333330000000000000000000000000000333000000303000033000000000000000000000000000000000000000000000000000000000000000000000000000000000000000000000000333333333333300000003303000000000000000003333330000000000000000000000000000000000000000000000000000000000000000000033000000000000000000000000000000011
113033000000000000000000000000000000000000000003330030000000000000000000000000000000000000000000000000000000000000000000000000000000000000000000000000333333000000000000000333000000000000333333333300000000000000000000000000000000000000000000000000000000000000000003330000000000000000000000000003000011
110000000000000000000000000000000000000000000000330030000000000000000000000000000000000000000000000000000000000000000000000000000000000000000000000000000000000000000000000300000000000000333333300000000000000000000000000000000000000000000000000000000000000000000003000000000000000000000000000033000011
110000000000000000000000000000000000000000000000000000000000000000000000000000000000000000000000000000000000000000000000000000000000000000000000000000000000000000000030000000000000000000033330000000000000000000000000000000000000000000000000000000000000000000000003000000000000000000000000000033330011
110000000000000000000000000000000000000000000000000000000000000000000000000000000000000000000000000000000000000000000000000000000000000000000000000000000000000000000000003300300000000000003000000000000000000000000000000000000000000000000000000000000000000000000000300000000000000000000000000333333311
110000000000000000000000000000000000000000000000003000000000000000000000000000000000000000000000000000000000000000000000000000000000000000000000000000000000000000003000000003300000003000000000000000000000000000000000000000000000000000000000000000000000000000000000000330000330000000000000033330000011
110000000000000000000000030000000000000000000000000000000000000000000000000000000000000000000000000000000000000000000000000000000000000000000000000000000000000000003000000003300000003000000000000000000000000000000000000000000000000000000000000000000000000000000000000003003330000000000000033330000011
110000000000000000000000000000000000000000000000000000000000000000000000000000000000000000000000000000000000000000000000000000000000000000000000000000000000000000003000000003300000030000000000000000000000000000000000000000000000000000000000000000000000000000000000000000000000330000000000003000000011
110000000000000000000003300000000000000000000000000000000000000000000000000000000000000000000000000000000000000000000000000000000000000000000000000000000000000000000000000000300000030000000000000000000000000000000000000000000000000000000000000000000000000000000000000000000000003000000000330000000011
110000030000000000000033000000000000000000000000000000000000000000000000000000000000000000000000000000000000000000000000000000000000000000000000000000000000000000000000000000000000333000000000000000000000000000000000000000000000000000000000000000000000000000000000000000000000000330000000300000000011
110000000000000033033330000000000000000000000000000000000000000000000000000000000000000000000000000000000000000000000000000000000000000000000000000000000000000000000000000000000003330000000000000000000000000000000000000000000000000000000000000000000000000000000000000000000000000033333333300000000011
110000000000000033330000000000000000000000000000000000000000000000000000000000000000000000000000000000000000000000000000000000000000000000000000000000000000000000000000000003000030000000000000000000000000000000000000000000000000000000000000000000000000000000000000000000000000000000000000000000000011
110000000000000003000000000000000000000000000000000000000000000000000000000000000000000000000000000000000000000000000000000000000000000000000000000000000000000000000000000003000000000000000000000000000000000000000000000000000000000000000000000000000000000000000000000000000000000000000000000000000011
110000000000000030000000000000000000000000000000000000000000000000000000000000000000000000000000000000000000000000000000000000000000000000000000000000000000000000000000000000303300000000000000000000000000000000000000000000000000000000000000000000000000000000000000000000000000000000000000000000000011
110000000000000030000000000000000000000000000000000000000000000000000000000000000000000000000000000000000000000000000000000000000000000000000000000000000000000000000000000000003300000000000000000000000000000000000000000000000000000000000000000000000000000000000000000000000000000000000000000000000011
110000000000000330000000000000000000000000000000000000000000000000000000000000000000000000000000000000000000000000000000000000000000000000000000000000000000000000000000000000003000000000000000000000000000000000000000000000000000000000000000000000000000000000000000000000000000000000000000000000000011
113000000000000000000000000000000000000000000000000000000000000000000000000000000000000000000000000000000000000000000000000000000000000000000000000000000000000000000000000000000000000000000000000000000000000000000000000000000000000000000000000000000000000000000000000000000000000000000000000000000011
110300000000000000000000000000000000000000000000000000000000000000000000000000000000000000000000000000000000000000000000000000000000000000000000000000000000000000000000000000000000000000000000000000000000000000000000000000000000000000000000000000000000000000000000000000000000000000000000000000000011
110033300000003000000000000000000000000000000000000000000000000000000000000000000000000000000000000000000000000000000000000000000000000000000000000000000000000000000000000000000000000000000000000000000000000000000000000000000000000000000000000000000000000000000000000000000000000000000000000000000011
110000000000330000000000000000000000000000000000000000000000000000000000000000000000000000000000000000000000000000000000000000000000000000000000000000000000000000000000000000000000000000000000000000000000000000000000000000000000000000000000000000000000000000000000000000000000000000000000000000000011
110000000000000000000000000000000000000000000000000000000000000000000000000000000000000000000000000000000000000000000000000000000000000000000000000000000000000000000000000000000000000000000000000000000000000000000000000000000000000000000000000000000000000000000000000000000000000000000000000000000011
110000000000000000000000000000000000000000000000000000000000000000000000000000000000000000000000000000000000000000000000000000000000000000000000000000000000000000000000000000000000000000000000000000000000000000000000000000000000000000000000000000000000000000000000000000000000000000000000000000000011
110000000000000000000000000000000000000000000000000000000000000000000000000000000000000000000000000000000000000000000000000000000000000000000000000000000000000000000000000000000000000000000000000000000000000000000000000000000000000000000000000000000000000000000000000000000000000000000000000000000011
110000000000000000000000000000000000000000000000000000000000000000000000000000000000000000000000000000000000000000000000000000000000000000000000000000000000000000000000000000000000000000000000000000000000000000000000000000000000000000000000000000000000000000000000000000000000000000000000000000000011
110000000000000000000000000000000000000000000000000000000000000000000000000000000000000000000000000000000000000000000000000000000000000000000000000000000000000000000000000000000000000000000000000000000000000000000000000000000000000000000000000000000000000000000000000000000000000000000000000000000011
110000000000000000000000000000000000000000000000000000000000000000000000000000000000000000000000000000000000000000000000000000000000000000000000000000000000000000000000000000000000000000000000000000000000000000000000000000000000000000000000000000000000000000000000000000000000000000000000000000000011
110000000000000000000000000000000000000000000000000000000000000000000000000000000000000000000000000000000000000000000000000000000000000000000000000000000000000000000000000000000000000000000000000000000000000000000000000000000000000000000000000000000000000000000000000000000000000000000000000000000011
110000000000000000000000000000000000000000000000000000000000000000000000000000000000000000000000000000000000000000000000000000000000000000000000000000000000000000000000000000000000000000000000000000000000000000000000000000000000000000000000000000000000000000000000000000000000000000000000000000000011
110000000000000000000000000000000000000000000000000000000000000000000000000000000000000000000000000000000000000000000000000000000000000000000000000000000000000000000000000000000000000000000000000000000000000000000000000000000000000000000000000000000000000000000000000000000000000000000000000000000011
110000000000000000000000000000000000000000000000000000000000000000000000000000000000000000000000000000000000000000000000000000000000000000000000000000000000000000000000000000000000000000000000000000000000000000000000000000000000000000000000000000000000000000000000000000000000000000000000000000000011
110000000000000000000000000000000000000000000000000000000000000000000000000000000000000000000000000000000000000000000000000000000000000000000000000000000000000000000000000000000000000000000000000000000000000000000000000000000000000000000000000000000000000000000000000000000000000000000000000000000011
110000000000000000000000000000000000000000000000000000000000000000000000000000000000000000000000000000000000000000000000000000000000000000000000000000000000000000000000000000000000000000000000000000000000000000000000000000000000000000000000000000000000000000000000000000000000000000000000000000000011
110000000000000000000000000000000000000000000000000000000000000000000000000000000000000000000000000000000000000000000000000000000000000000000000000000000000000000000000000000000000000000000000000000000000000000000000000000000000000000000000000000000000000000000000000000000000000000000000000000000011
110000000000000000000000000000000000000000000000000000000000000000000000000000000000000000000000000000000000000000000000000000000000000000000000000000000000000000000000000000000000000000000000000000000000000000000000000000000000000000000000000000000000000000000000000000000000000000000000000000000011
110000000000000000000000000000000000000000000000000000000000000000000000000000000000000000000000000000000000000000000000000000000000000000000000000000000000000000000000000000000000000000000000000000000000000000000000000000000000000000000000000000000000000000000000000000000000000000000000000000000011
110000000000000000000000000000000000000000000000000000000000000000000000000000000000000000000000000000000000000000000000000000000000000000000000000000000000000000000000000000000000000000000000000000000000000000000000000000000000000000000000000000000000000000000000000000000000000000000000000000000011
110000000000000000000000000000000000000000000000000000000000000000000000000000000000000000000000000000000000000000000000000000000000000000000000000000000000000000000000000000000000000000000000000000000000000000000000000000000000000000000000000000000000000000000000000000000000000000000000000000000011
111111111111111111111111111111111111111111111111111111111111111111111111111111111111111111111111111111111111111111111111111111111111111111111111111111111111111111111111111111111111111111111111111111111111111111111111111111111111111111111111111111111111111111111111111111111111111111111111111111111111
111111111111111111111111111111111111111111111111111111111111111111111111111111111111111111111111111111111111111111111111111111111111111111111111111111111111111111111111111111111111111111111111111111111111111111111111111111111111111111111111111111111111111111111111111111111111111111111111111111111111