111111111111111111111111111111111111111111111111111111111111111111111111111111111111111111111111111111111111111111111111111111111111111111111111111111111111111111111111111111111111111111111111111111111111111111111111111111111111111111111111111111111111111111111111111111111111111111111111111111111111
111111111111111111111111111111111111111111111111111111111111111111111111111111111111111111111111111111111111111111111111111111111111111111111111111111111111111111111111111111111111111111111111111111111111111111111111111111111111111111111111111111111111111111111111111111111111111111111111111111111111
113333000000333333333333333333033333333333300300000000003333333001111111111111111111111111111111111111111111111111110001111111111111111111111111111133333333333333333333333000333333333333333333000000000000300000000000000000000000000000000000000333000000000000000000000000000000000000000000000000000011
113333333333333333333333333333333333333333330000000000003333333101111111111111111111111111111111111111111111111111110000111111111111111111111111111113333333333333333333333333333333333333333333330000000000000000000000033300000000000000000000000300300000000000000000000000000000000000000000000000000011
113330333333333333330333333333333333333333330000000000000033000001111111111111111111111111111111111111111111111111110000111110011111111111111111111111333333333333333333333333333333333333333333333000000000000000000000000000000000000000000000003300000000000000000000003000000000000000000000000000000011
113300033333333333303333333333333330333333333330000000000000011001111111111111111111111111111111111000111111111111110000111111101111111111111111111111333333333333333333333333333333333333333333333000000000000000000000000000000000000000000000003030000333000000000000000000000000000000000000000000000011
110333330330333330333333333333333330003333303333300000000000010000111111111111111111111111000011111111111111111111111000111111101111111111111111111000333333333333333333333333333333333333333333333000000000000000000000000000000000000000000000030333000000000000000000003300000000000000000000000000000011
113333333300003330333333333333333330003333303333333000000000011110111111111111111111111111000011111111111111111111111111111111111111111111111111111000333333333333333333333330033333333333333333333000000300000000000000000000000000000000000000333000000000000000000000000300000000000000000000000000000011
113333333000000000333333333333333333330033303033333330303000001111111111111111111111111111000011111111111111111111111111111111111111111111111111111000133000000000333300333333333333333333333333333000003000000000000000000000000000000000000000030000000000000000000003000000000000000000000000000000000011
113333333300000003303333003333333333330003330033333333330300000111111111111111111111111111111111111111111111111111111111111111111111111101111111111000000000000000333330333333333333333333333330300000003330000000000000000000000000000000000000000000000000000000000003030000000000000000000000000000000011
113333333330030000333300303333333333330003333333333333330300000001111111111111111111111111111111111111111111111111111111111111111111111101111111111111111000000000333330333333333333333333333330030030033300000000000003300000003000000000000000000000000000000000000003330000000000000000000000000000000011
113333333333333030333330000333333333330000333333333333330030000000111111111111111111111111111111111111111111111111111111000011111111111111111111111111111111111000333330333333333333333333333330033330033300000000000000333300003000000000000000000000000000000000000000330000000000000000000000000000000011
113333333333333303333330000033033330333000033333333333333333000001111111111111111111111111111111111111111111111111111110111111111111111111111111111111111111111113333000333333333333333333333333333330033330000000000000333300003000003300000000000000000000000000000000000000000000000000000000000000000011
113333333333333303333330000033033330333300003333333333333333000001100111111111111111111111111111111111111111111111111111111111111111111111111111111111111011111111333000333333333333333333333333333330333330000000000000033300000000003000000000000000000003300000000000000000000000000000000000000000000011
113333333333333333333333030033033330333333303003333333333333300000000000111111111111111111111111111111111111111111111110111111111111111111111111111100000001011111133000333333333333333330333333333300033333000000000000033300000000003000000000000000000003330000000000000000000000000000000000000000000011
113333333333333333333300333333333333333333330033333333333333300000000000001111111111111111111111111111111111111111111111111111111111111111111111100000000000000000133330333333333330300030030003333003333333330000000000333330000000000000000000000000000333330000000000000000000000000000000000000000000011
110333333333333333330300033333333333333333330033333333333303300000100000000000000111111111111111111111110000001111111111111111111111111111111000000000000000000000003333333333333300333333333333300033333333303000000000333300000000000000030000000000000003330000000000000000000000000000000000000000000011
113033333333000033333000000303333333333333330003333333333000000000100000000000001111111111111111111111110000000000011111111111110010111111100000000000000000000000003333333333333333333333333333333333333333303300000003333000000000000000003000000000000003330000000000000000000000000000000000000000000011
113033333333000033330300000003333333333333333303333333333330000000110110001000000111111111111111111111110000000000001110000000000000100000000000000000000000000000000000333333333303333333333333333333333333333330000003330000000000000000000300000000000000000000000000000000000003300000000000003000000011
113333333333000033330300000000333333333333333333333333333330000000110111111111110011010000110111111111110000000000000000000000000000000000000000000000000000010000000003333333333003333333333333333333333333333330000003300000000000000000000000000000000000000000000000000000000003000000000000000000000011
113333333333300033330000000300003333333333333333333333333333000000011111111111110110000000000001111111111111111100001010000000000000000000000000000000000000111111100000003333333333333333333333333333333333333333000033300000000000000000000000000000000000000000000000000000000000000000000300000000000011
113300003333330333330000000000000033333333333333333333333333000000001111111111111110000000000001011111111111111101111000100000000010000110000000000000000001111111110000333333330333333333333333333333333333333333333333000000000000000000003003000000000000000000000000000000000000000000000000030000000011
113300003333330333330000300030000033333333333333333333333333300000001111111111111111000000000000101111111111111101111111110111111111111111110001111111000001111111110000033333333333333333333333333333333333333333333333000000000000000000300030000000000000000000000000000000000000030000000000000000000011
113330003333333333333333300330000003303333333333333333333333300000001011111111111111111111111111111111111111111111111111111111111111011111111111111111011101111111111000033333333333333333333000333333333333333333333333000000000030330000000000000000000000000000000000000000000000000000000000000000000011
113330000003333333333333333000000003300303333333333333333333330000000000111111111111111111111111111010111111111111111111111111111111111111111111111111111111111111111000033333333000333333330000000033333333333333333333330000000333333000000000000000000000000000000000000000000000030000000000000000000011
113333300003003333333333333000000000330003333333303333333300030000000101111111111111111111111111111000111111111111111111111111111111111010111111111111111111111111111100033333333000333333330000000033333333333333333333333300000300003000000000000000000000000300000000000000000000000000000000000000000011
113333333000003333333333333330000000300003333333333333333300333300000001111111111111111111110111110011111111111100111001111111111111101100111111111111111111111111111100033333300333333333330000000033333333333333333333333333000033033000000000000000000000000330000000000000000030000000000003000000000011
113333333333003333333333333333003000000033333033333333333003333000000000111111111111111111111110001111110011111110111101111111111111111000111111111111111111111111111100003333330333330333333000000333333333333333333333333033000003003300000000000000000000000333000000000000000000000000000003300000000011
113333333333333333333303333333033000003033330333300333333333330033000000011111111111111111101111001111110011111110011111111111011111111001111111111111111111111111111100003333330333330333333333333333333333333333333333033333300000003333000000000000000000000000000000000000000000000000000000030000000011
113333333333333333333333333333033300303000003333330333333333333333000000011111111111111111011111011111111111111110001111111111111111111111111111111111111111111000011100000033330333333333333333333333333333333333333333330333333000000330000000000000000000000000000000000000000000000033000000000330000011
113333333333333333033333003333330000003033333333333333333333333333333300011111111111001111111111111111111111111111001111111111111011111111111111111111111111111111101110000033303333333333333333333333333333333333333333333333333030003303300000000000000000000000000000000000000000000000000000000333000011
113333330003333333333333003303333300030030333333333033333333333333333000011111111111001111111111111111111111111111011111111111111111111111111000111111111111111111111110000033303333333333333333333333333333333333333333333333333033033033300000000000000000000000000000000000000000000000000000000003300011
113333333003333333333333303303333333330300003333333003333333333333333000001111001111001111111111111111111010111111110000111111111111101111111111111111111001111111111110000003303333333333333333333333333333333333333333333333333333333333330000000000000000000003000000000000000000000000000000000000330011
113333333333333333333333333333333333333330000333333000000333333333333000011111111111001100011111011111110011110111110000000111011111111111111111111111011111111111111110000003303333333333333333333333333333333333333333333333330333333333000000000000000000000000000000000000000000000000000000000000033311
113303333333033333333333333333333333333330000333333300003333333333333000111111111111001000001111011111110011110111111110000111011111111111111111111111011011111111111111000003303333333333333333333333333333333333333333333333333330333303300000000000000000000000000000000000000003000000000000000000003311
110333300000033333333333333333333333033330333333333333333333333333330000111111110111000001000111111000011111110111111101111111111111111111111111111111111111111111111111100000333333333333333333333333333333333333333333333333333330033033300000000000000000000000000000000000000003333000000000000000000011
110303303333333003333333333333333330033330003333333333333333333333030000011111110000001011000000111000001111111111111110101111111111111111111111111111111111111111111000110000333330333333333333333333333333333333333333333333333033333333330003000000003300000000000000000000000003333330000000000000000011
110333003333333333000333333333333003333333000333333333333333333333000000111111111001101111100011111000000000111111111110101101111111111111111111111111111101111011111000000000003333333333333333333333333333333333333333333333333033330333330033000000033300000000000000000000000033333330000000000000000011
110000033333333333300000333333330333333333300003333333333333333333000000111111110001111111100011111100000000010000001110001010111111111111111111111111111111111001000111110000003333333333333333333333333333333333333333333333333033333333333333030000333300000000003000000000000033333303000000000000000011
110000030333333333303333303333333333333333000000330333333333333333000001111111111111111111111111001111111110000011011111001000111111111100111111111110111111111101111111110130000033333333333333333333333333333333333333333333333333333333333333330003333330000000033333000000000330003303000000000000000011
110000000000330330033333330333303333333033000000330333030303333333000001111111111111111011111111111111111100001111111111110001011111111110111111111110111111111111111111111130000003333333333333303333333333333333333333333333333333333333333333330033333333000000333333333000003333003303000000000000000011
110000000000000000003333333333333333333303330000333330000000330333000001111111111111110111111111111111111000011111111110111111111111111111111111111111111111111111111111111111300000330000333333333333303333333333333333000000333333333333333333300000333333333333333333333000003033303030330000000000000011
110000000300000000003333333333333333333333333003333330000000000333300001111111111111111111111111111101110000011111111011011111111111111111111000111111111111111011111111111111100000033000333333333333333003333333333333330000000000333333333033300000333333333333333333330000003333033330333000000000000011
110000000000000000000000000003333000333333333333333330000000003333000001111111111111111101111111111101110000011111111011111111111111111111111111111111111111111010111111111110110000003000333333333333333333333333333333330000000000333333333033330000333333333333333333330000033333003300303000000000000011
110000000000000000000000000000000300033333330000333333333333333333300001111111111111111111111111111111111001111111111111111111111111111111111111111111111111110101111111111111110000003000000000333333333333303333333333333333000000000333333033333333333333333333333333333000003333333330000300000000000011
110000000000000000000003000003000000003333333300333333333333333333300001111111111111111111111111011111111111111111111111111111111111111111111111111111111111111011111111111100000000003303000003000333333333300333333333333333000000000333333033333333303333333333333333333330000000003330333000000000000311
110000000000000000000000000000000000003333333333333333333333333333300011111101111111111111111111111111111011111111111111111111111111111111111111111111111111111011111111111100000000000303000003333333333333300333333333333333000000000333333333333333330033333333333333333330000000003300333033300303030311
110000000000000000000000000000000000000003330033333333003333333333300001111101111111101101100111111111111011111111111111111111111111111111111000111111111111111111111111111110100000000033333003333333003333330333333330333333330003333333333330003333330000333333333333333330000000000033330003330300333311
113000000000000000000000000000000000000033333333333333000333333333300001111111111111111111100111111111111111111111111111111111111111111111111111111111111111111110111111111111000000000000333330333333000333333003333330333333330033003333333333000000000333033333333333333333000000000033330333033033333311
113333300000000000000000000000000000000033333303333333000033333333300001111110000001111111100111111111111111111111111111111111111111111111001111111111111111111110111111111111000000000000333333333333003333333333300000033333003333003333303333333333330003333003333333333333000000000003333330030303333011
113333333330300000000000030003300000000033333330333333300033333333330001111111111000111111111111111111111111111111111110111111111111111110111000011111011111111110111111111111111000300000033333333333333333333333333300000003333333333333003333333333003003333333333333333333000000000000000333033333333311
110030330030300003000000000000000000000003303333333333333333333333330001111100111111111111111111111110001111111111111111111111111111111111111111111111111111111111111111111111111111000000003333333333333333303333333330330000333330333333333333333333030000333333333333333333000000000000000030333033033311
110030003330030000033003333333000000000000333333333333333333333333330001111010001111111111111111111110000001111111111111111111111111111111111111111111111111111111111111111111111111010000003333333333333333333303333333030033333333333333333333333333330000333333333333333333000000000000000000333000000011
110000003303000003003333333333333330000000003333333333333333333333300001111110000000111111111111111100000001111111111111111111111111111111111111111111111111111111111111101111111111110000000333333333333333333000003333003330303333333333333333333333330003033333333333333303330300000000000000000033000011
113000000000003000003303333333333330333000300333333333303003333333300001010000001000110011111111111110000000111111111111111111111111111111111111110000111111111011111111100111111111111300000333333333333330000000033333330000003333333333333333333333300000333303333333333333333333300000000000000000000011
110333000000000000000000333333333333333303003333333333003003333333300001100000011011110111111111111111000010111111111111111111111111111111111111110000111111111111111111111011111111111110000033333333330003000000033333330000033333333333333333333333300000333003333333333333333333330000000000000000000011
110003333000000000000000333333333333300033000003333333333333333333000011101000001111110111110111101111111110010011111111111111111111111111111111110000111111111111111111110110011111111111000033333333000330330000033333333333333333333330333333330333333033300333333333333333333333333000000000000000000011
110000003000000000000003333303333333003033333333333333333333333333300011100000001111111111100011111111111110001011111111111111111111111111111111111111111111111111100111111110111111111111000003333333333300000000333333333333300030000003333333333333333000330333333333333333333333333333000000000000000011
110000000000030000000033333300333303003333333333333333333333333333001111000000111111111111101011111111110110101111111111111111111111111111111111111111011111111111111111111111111111111111110003333333333300000000333333333333330030000003333333333333333333333333333333333333333333333333300000000000000011
110033000000033000003333333030030303333333333333333333330333333000001111110001111111111111111111111111110011101111111111111111111111111111111111111111001111111111111101101111111111111111111000333333333330300003333333330333333333333303303333333333333333333333333333333333333333333333333300000000000011
110003330000030330000000003000330330300333333333333333330000000000000111100011111111111111111111111111111111111111111111111111111111111110000111111111111111111111111101111111111111111111111110000333333333333033333333333333333333333333330303333333333333333333333333333333333333333333333330000000000011
113003030003333330000000000000033330303333333333300030000000000000001111111111111111111111111111110011111111111111111111111111111111111111000000011111111111111111111111111111111111111111111100000033333333333333333333333333333333333333333333333333333333333333333333333333333333333333333333000000000011
113333333000033330000000000000000000000000000000000333303333000000000111110001111111111111111010000001111111111111111111111111111111111111110111111111111111111111111111111000111111111111111111000003333333333033333333333330333333333333333333333333333333333333333333333333333330000000333333333000000011
113333333330000033000000000000000000000000000033333333330033000001111111111001111111111111111111000000111111111111111111111111111111111111111111111111111111111000000111111000011111111111111111000003033333333033333333333330333333333333333333333333333333333333333333333333333330000000033333333300000011
113333033333000033300000000000000000000000000330000033333333300031111111111011111111111111111111100001111111111111111111111111111111111111111111111111111111111000000111111111111111111111111111000003333333333033333333333333333333333333333333333333333333333333333333333333333330000000333333333333333311
113333333330300033330000000000000000000000000333333333333333300031111111111111111101111111111111111111111111111011111111111111111111111111111111111111111111111000000111111111111000000001111111111330333333330033333333330033033333333333333333333333333333333333333333333333333330000333333330000000333311
113333333333330003333000000000000000000000000333333333333333300001111111111111111101111111111110111111111111111111111111111111111111111111111111111111111111111111111111111111111110010011111111111110000033333333333333330033333003333333333333333333333333333333333333333333333330000333333333333300000011
110033330333333003333000000000000000000000000000003333033333000001111111110111111111111111111111111111111111111111111111111111111111111111111111111111111111111111111100111110111111011111111111111111300003333333333333333333300003333333333333333333333333333333333333333333333330000000333333333333000011
110003333333333000333000000000000000000000030000033330030300300001111111111110111111011111111111111111111111111111111111000011111111111111111111111111111111111111111111111111110111011111111111111111130033333333333333333333000003333333333333333333333333333333333333333333333330000000003333333333000011
110003303033333330033330000000000000000000000000000003333003300001100011111111111111111111111111111111111111111111111111000011111111111111111111110111111111111111111111111001001111111111111111111111113003333333333333333333000033333033303333333333333333333333333333333333333333330000333333333333333311
110033330003333333003330000000000000000000000000003003330000000001100111111111111111111110111111111111111111111111111111111111111111111111111111111111111111111111111110111100110111111111011111111111111000033333333333333333000033333033333333333333333333333333333333333333333333330333333333333333333311
110000333303333333003330000000000000000000000000000030333333000001000111111111111111111110011111111111111111111111111111111111111111111111111111111111111111111111111110111100101111111111011111111111111130003333033333033333030033333333333333333333333333333330333333333333333333330333333333333033333311
110000000330333333300003000000000000330000000000000333000333000001001111111111111111111111111111101111111111111111111111111111111111111111111111111111111111111111111110111011111111111111111111000000011113003333300000003333000033333333333333333333333333333333333333333333333333333333333333333333300311
110000000000033333330000000000000000000000000000000030003333000001001111111111111111111111111111111111111111111111111111111111111111111011111111111111111111111111011111111111111111111111111111000000011113003333333000003333000030000333333333333333333333333333333333333333333333333333333333333333000011
110000000000003333333000000000000000300000000000003300003000030000100111111111111111111111111111111111111111111111111111111111111111111111111111111111111010111110011111111111111111111111111111000000011111003333333000003333030333000333333333333333333333333333333333333333333333333333333333330333000011
110000000000030033333000000000000000000000000030033000000303333000010011111111111111111101111111111111111111111111111111111111111111111111111111111111111111111111111111111111111111101111111111000000001111033000333333033333333333333333333333333333333333333333333000033333333333333333333303330033330011
110000000000003333333330000000000000000000000000003030000333333333001011111111111111111001111111111111111111110111111111111111111111111111111111111111111011111111111111111111111111111111111111111111001111111003033333333333003333333333333333333333333333333333333000033333333333333333333303333333000311
110000000000000003333333000000000000000000000000030330000333333333001011111111111111111011111111111111111111100111111111111111111110111111111111111111111111111110111111111001111111111111111111111111011111111000003333333333303333333333333333333333333333333333333000033333333333333333333300333333000311
110000000000000003333333000000000000000000000000000000000333333333300111111111111111111111111111111111111111001111111111111111111110000111110111111111111111111111111111110001111111111111111011111111111111111000003333333333333333333333333333333333333333333333333330003333333333333333333330333333300311
110000000000000000333333300300000000000000000000000000303333333333330001111111111111111111111111111111111111111111111111111111111111111111110111111111111111111111011111110001111111111111111011111111111111111110033333333333330033333333333333333333333333333333333330003333333333333333333333333333330311
110000000000000000003333330033000000000000000000000000333333333333333000111111111111111111111111111111111111111111011111111111111111111111110111111111111111111111111111110001111111111111111011111111111111111111333333333333300003333000000333333333333333333333333333003333333333333333333033333333330311
113330000000000000303333333003000000000000003000000000033333333333333330110111111111111111111111111111111111111110011111111000000000111111111110011111111111111111111111111000001111111111001000111111111111001110330033333333333033333333333333330333333333333333333333333333333333333033000333333333000311
113300000000000000003333333303030000000000000000000000330333333333333333011111111111111111111111111111111111111110011111111000000000111111111111011111101111111111111111111101111111111111001111111111111111001111130000033000000033333333333333330333333333333333333333333333333333333033333303333333333011
113000000000000000003033333330303300000000000000000000300333333333333333011111111111111111111111111111111111111110011111111000000000100111111111011111101111111111111111000111111111111111000111111111111111001111110000003300000033333333333333330333333333333333333333333333333333333033333303333333333311
110330000003000000000333333333333300000000000000030030333333333333333333101111111111111011111111111111111111111110111111111000000111111111111111111111001111000000111111111111111011111111111111111111111111111111011300000333333333000333333333000000330333333333333333333330333333333333333333333333333311
113333333333300000000033333333333000000000000000000033003333333333333333301111001111111111111111111111111111111111111111111111000111111111111111111111011111111111111111111111111000101111111111111111111111111111111130000333333333333000333333333333330000333333333333333330333333333333333333300003333311
113333033300000000000003003333330000000000000000330333003333333333000333301111001111111111111111111111111111101111111111000111000111111111111111111110011111111111111111111111111111111111111111111111111111111111111113000030333333333000333333333333333000333333333333333330333333333333333333300003333311
113333003000003300000000000303033330300000000000000003333333333333333333311111001111111111111111111111111111011111111111111110000111111111111111111110111111111111111111111111111111101101001110111111111111111111111110330000333333333333330333333333333333303333333333333333333333333333333000033333333311
110330030000003300000000000000333330330000000000033000300333333333333333301111001111111111111111111111111111111111111111111111111111111111111011111111101111111111111111111111111111111011111111111111111111111111111110133000033333333333333333333333333333333333333333333333333333333333300303333333333311
110000000000000330000000000333333333330000000000003333300333333333333333301111111111111111011111111111111111111111111111111111111111111111000011111111111111111111111111111111111111111111111111111111111111111111111100111000003333333333333333333333333333333333000333333333333333333333303333303333333311
110303000330000030000000000333333333300000000000000333300003333333333333011111111111111111111111111111111111111111111111111111111111111111111111111111111111111111111111011111101111111111111111111111111111111111111111111000003333333333333333333333333333333303333333333333333333330333333330003333333311
110000003330333003000000003003333333330000000000003330000000333333333331111111111111111111111111111111111111111111111111111111111111111111111111010111111111111111111111111000111111111111111111111111111111111111111111111110000333333333333333333333333333333330030303333333333330000333333333333300333311
110000033333000003000000000003333333000000000000003330000000333333333330110011111111111111111111111000111111111111111111111111111111111111111110001011111111111111111111111100111111111111111111111111111111111111111111111110000333333333333333333333333333033330030303333333333333333333333333003300333311
113000333333000003000000000000303333333300000000033000000333333333333301111111111111111111111111111000011111111111111111111111111111111111111110001011111111111111111111111011111111111111111111111111111111111110111111110110000033333333333333333333333333033330033333333333333333333333333000000003333311
113333333330000000000000000000000033330000000000330000000300303330330001111111111111111111111111111111111111111111111111111111111111111111111100101111111111111111111111000011111111111111111111111111111111111000111111110110000033333333333333333333333330333330333333003333300300033303333000000000333311
110330033000330000000000000000000333330000000000333300000003333333300011111111111111111111111111111111111111111000000000111111111111111111111101101111111111111111111000000011111111111111111111111111111111111000101111110110000033333333333333333333333333333003333330003333330033333303333000000000300311
113000033000033000003300000000000333330000000000300000000030333333000311111101111111111111111111111111111111111111100000111111111111111111111111011111111111111111110000000000111111111111111111111111111111111111101111011111000333033333333333333333033000330333330033333333300333333333333000000000000011
110000030000333330000000000000000333333000000000000000000300000030000111111111111111111111111111111111111111111111110000111111111111111111111111111111111111111111110000000000111111101101111111111111111111111101111111001111000333333333333330333333000000333333333333333333033333333333330000000000000011
110000030000330300000000300000000333333000000000000000000333033333000111111111111111111111111111111111111111111111111000111111111111111111111111111111111111111111110000000000111111101110111111111111111111111111111111110110000033333333333333333333000000000003333330333330333333333333330000000000000011
110000003333030330000300030000000033333303000000000000000000003330003111111111111111111111111111111111111111111111111111111111111111111111111111111111111111111111111000111000001111111111111111111111111111111111100111110011000333333333333333333300000330030000333303330003333333333333333330000000000011
110000000333330030033333300000000003333330300000000000003330000030000111111111111111111110111111111111111111111111111111111111111111111111111111111111111111111111111111111000001111111111111111111111111111111111111111111001100303333333333333333000333333300030000333030000333333333333333330000000003011
110000000003333300333333030000000003333333300000000000000000000000000111111111111111111100111111111111111111111111111111111111111111111111111111111111111011111111111111111000001111111111110111111111111111111111111001111001100003333330333333333300333333003030300300000000003333333333333330000000033311
110000000333330300333300000000000000333333000000000000000000000000000111111111111111111001111111111111111111110000111111111111111011111111111111111111111111111111111111111000011111111111111111111111111111111111111100111011100003333333333333330003333330300033330000000000000000333333333333000000333311
110000000003333003003003000000000000333333300000000000000000000000000111111111111111111111111111111111111111111111111111111111110111111111111111111111111111111111111111111111011111111111111111111111111111111111111100111111100003333333333333330303333330003333000000000000000000000033333333000000033311
110000000003333303330003000330000000033333300000000000000000000000000111111111111111111111111011111111111111111111111111111111110111111111111111111111111111111111111111111111011111111111110111111111111111111111111111111111100003333333333333303333333330033333030330000000000000000003030333000000003011
110000000000003333333000030033000000003333300300000000000000000000000111111111111111111111110011111111000000000111111111111111110111111111111111111111111111111111111111111000011111111111111111111111111111111111111111111111100000333333333330033333333333333333333333300000000000000000030003000000000011
110333300000000030333330000033300000000333330000000000003000000000000011111111111111111111110011111111000000000111111111111111111111111111111111111111111111111111111111111111111111111111111111110011111111111111111111111111100000333333333333333333333333333333333333330000000000000000330000000000000011
113333330000000333333333000033330000000333330000000000003000000000000011111111111111111111110011111111000000000100111111110111101111111111111111111111111111111111111111111111111111111111111011111111111111111111111111111111110000330333333333333333333333333333330333300000303000000000333330033000000011
110333333000000003033033000003330000000033333030000000000000000000000011111111111111111111110111111111000000111111111111111111001111111111111111111111111111111111111111111111111111101111111000111111111111111111111111111111100000330333330333333333003333333333333333330003333030000030333330033330000011
110000333000000000000033330003333000000003333033000000030000000000000011111111111111111111111111111111111000111111111111111111001101111111111111111111111111111111111111111111111110101111111001111111111111111111111111111111100000033333303333333333333033333333333333330030303003330030003333333330000011
110000033300000000000033303003333300000003333033000000033000000000000011111111111111111101111111111000111000111111111111111110110111111111111111111111111111111111111111111111111110111111111001011111111111111111111111111111100000330333303111000033330003333333333333330033003003030300033333333000000011
110000000330000000000003333330003300000000333033000000000000000000000011111111111111111011111111111111110000111111111111111111101111111111110111111111111110111111111111111111111111111111111000111111111111111111111111111111100003311111111111100000003000333333333333330003003303333333333333333000003311
110000000003000000000000333000000330000003333333000000000000000000000001111111111111111111111111111111111111111111111111111111011111111111111111111111111111111111111011111111111111111111111111111111111111111111111111111111111311111111111111100000033333333333333333330000333330333333333000303333303311
113000000000300000000003033000000030000000333033000000000000000000000001111111111111111111111111111111111111111111111000111110011111111111111111111111111111111111110011111111111111111111011111111111111111111111111111111111111111111111111110111000133333333333333333300000333303003033333000303033303311
110000000000030000000000333330000000000000033303000000000000000000000011111111111111111111111111111111111111111111111111111110111111111111111111111111111111111111110111111111111111111111011111111111111111111111111111111111111111111011111101111000000333333333333333300033333303333033333000333000003011
110000300003000000000000000330000030000000033333300000000000000000000031111111111111111111111111111111111111111111111111111010111111111111111111111111111111111111110111111111111111111111111111111111111111111111111111111111111111111011110111101101100003333333333333330303333300000333333333333333030311
110000030000330030000000000000000030000000003303300003000000000000000001111111000111111111111111111111111111111111111111110001011111111111111111111111111111111011011111111111111111111111111111111111111111111111111111111111111111110001111100111000000003333333333333000333333303000003333333333333330311
110000000000000003000000000000000000000000033333330000000000000000000301111111000011111111111111111111111111111111111111110001011111111111111111111111111111111111110111111000111111111111111111111111111111111111101111111111111110000111111111111000000003333333333330000333333330303333333303333333333311
110000000003030000030000000000000000000000000330330000000000000000000000111111111111111111111111111111111111111111111111100101111100111111111111111111111111110111111111111111111111111111101111111111111111011111011111110111111111111111111111111111111003033333333300003333300330333333333303333333333311
110000000003333000030000000000000000300000000330330000000000000000000000111111111111111111111000000111111111111111111111101101111111111111111111111111111111111111110111111111111111111111110111111111111111111111111110111111111101011011111100011111001000333333333333003333333330333333333333333333333311
110000000000333000000000000000030300000000000030330000000000000000000331011111111111111111111100000111111111111111111111111011111111111111111001111111111111111111110110111001110111111111111111111101111111111011111111111111111110100111111000011111111030333333303033033333333330333333333333333303333311
110000330000000000000000000000000300000000000330330000000000300333003331001111111111111111111110000111111111111111111111111111111111111111111000110111111111111111111101110001110111111111111111111110101111111111111111111111111111000001111110011111111133333333003300003333333330300333300003333303333311
110000000000000000000000000000000300330000000030333000000003330003033330010111111111111111111111000111111111111111111111111111111111101111111111001111011111111111111101100001110111111111111111111110111111111111111111111111111100111001111111111111111133333333333330003333333330333333333333333303333311
110000000000000000000000000000003000300000000000333000000003333003003301100111111111111111111111111111111111111111111111111111111111111111111111111111000110111111111011110111111111111111101111111110001111111111111111111111110000111111111111111111111133333333333330000333333330333300000003333333333311
110000000000003000000000000003333000300000000000333000000000033333003333111111111111111111111111111111111111111111111111111111111111111111111111111111000000111111111111110001111111111111111111111111000111111111111111111111111101111111111111111111111133333333333330303333333330330003000000333333333311
110000000000000000000000000333333003330000000003033000000000333330003303111111111111111111111111111111111111111111111111111111111111111111111111111110000000111111111111110001111111111111111110111101000111111111111111111111111101111111111111111111111113333333330030300333333330330033300000030333333311
110000003300000000000000000333330003000000000000033000000000003333333330311111111111111110000111111111111111011111111111111111111111111111111111111111000000011111111111100000111111111111111111110000001111111111111111111111111110111111111111111111111113333333333333303333330330033000300000000033333311
110000003000003000033333000330000000000000000000003000003333333000000333331111111111111111111111111111111110111111111111111111111111111111111111111111100000011111100001110000111111111111111111000001111111111111111111111111111100111111111111111111111113333333333330003330033333000000000000000033333311
110000003000000300003300300000033303000000000000003000000033333300000333331111111111111111111111111111111110111111111111111111111111110111111111111111111100011111000101110000111111111111111111000111111111111111111111111111111000111111011111111111111113333333333330003330003333303000000000000003333311
110000030000003303003330000003333333300000000000333000003000033330000300003111111111100000111111111111111110111111111111111111111111111111111111111111111110010001000110000111111111111111111111111111111111011111111111011111111001001111011111111100111111333333333330003333333330303300003303300003033311
110000030000033000003300000003333333033300000000333000003003333303330000000011111001111111111111111111111111111111111111111111111111111101111111111111111110111000000111101111111111111111111111111111111111111111111111011110011111111111111111111100101111333333333333000033333333330330033330330003000311
110000000000333000003003000330333330033300000033333000000000000003330000030031111100001100011111111111111101111111111111111111111111111111111111111111111111111110000111111111111111111111111111111111101111111110011111011111010011101111111111111111111111333333333333000003333333330333333333330000330311
110000000000330000000033003333333333333330000333333000003333300000000000333333111111111100011111111111111001111111111111111111111111110111111111111011111111111111110111111111111111111111111111111111111111111111111111111111110011011111111011111111111111333333333333330000333333033333333333333333333311
110000030000000000330333003333333333333300033333030000033333333330000000000000000011111101110111111111111001101111111111111111111111111111111111111111111111001111110111111111111111111111111111111111111111111110011111111111111111011111111101111111111111133033333333330000033330033303333303333333333311
110003003003000000003333003333333333333300033303000000003333330000003000000000000000000000000000000001110110111110011111111111111111111111111111111111111110000111110111111111011111111111100111111111111111111110001111111111111111111111111111111110110111130033333333333000003330333330333333333333333311
113333000303033003003333303333333333333300000003333000000000000000000000000000000000000000000000000001111111110000111111111111111111111111111111111111111111000111110111111000111111111111101111111111111111111111111111111111111111111111111111111111110111000333333333333300003333333330333333333333300311
113333330003300000003333303330333330033000000000033000300000000000000000000333333333003001111111111111111111111000000000000011111111111111111111111111111011111111101111111111111111111111111111111111111111111111111110111111111111111111111111111111111111000333300333333330300333333330003333333333003311
113333030030300300333333003333333330333300000000000000000000000000000000333333333303333311111111111111111111111110000111111000000000111111111111111111111111111111101111111111111111111111111111111111111011111111111110111111111111111111111111101111111111100330303333033333330033033330333333333330333311
113333033000300003333330033333333333000000000000303300000000000000000003333333333303333011111111111111111111111111101111111100000000000001111111111111111111111111011111111011111111111111111111111101101111111111111101111111111111111111111010111111111111110333303333303333330033333330333003333333333311
110030003333330033333333003333033000000000003333333330000000030003333333033333303333303300011111111111111111111111111111111111001100000000001111111111111111111111011111111111111111111111111111111101111111111111111111111111111111111111111000111111111111111030333333333033330033333333303333333333303311
110000000033300333333303330333000000000003333333330330000000330333333330000003333333033001111111111111111111111111111111111111101100000100000011111111111111111011110011111111111111111111111111111111101111111111111011111111111111111111111110111111101111111000333333333333330033333330333333333333333311
113300000000000333333333030000003000000033333333300330000030333333333300000033330333030000011111111111111111111111111111111111111100010111000000111111111111111111111111111111111111111111111111111111111111111111111011111110111111111111111111111111111111111000003333333333330033333330333333333333333311
110000000300030033330300333000300000000333333333000030000003333333330003000333003333030000011111111111001111111111111111111111111111110011110111101000000001111111111111111111111111111111111111111111101111111111111111101110111111111111111111001111111111111003003333300003333003333333333333333333333311
110000000300030033303303000000000000000330330000003000000033330000000030000300003333330311111111111111101111111111111111111111111111111111111100111111000000001111111111101111111111111111111111011111111111111111100111101110111111011111111111110111111111111101333333330003333003333333333003333333333311
113030303330333033333330000000000000000300033330333000000033000000003330000000333303000000111111111111111111111111111111111111111111111111111111111111110000000111111111111111111111111111111111111111111111111111100111111110111111111111111111111111111111111111333333003000300033333333333033333333333311
113330030330300033333000000000000000000000333300333000000033000333000333300003333000000001111111111111111111111110111111111111111111011110111011111111110111000000011111111111111111111111111111111111111111111111101111111110111111111111111111111111111001111110003333333300330033333333333333333333303011
110333033303300333333000300000000000000030330300033000000000000333303333300000003300003001111111111111111111111111111111111111110111101111111111111111111011111000000000111111111111111111111111111101111111111111101111111110111111111111111111111111110011111111133333333333330033333333333333333333333311
113330033333003333300003000000000000000000333333333000000000003333000333300000003300000001111111111111111111111111111111111011111111101111111111111111111000000000110000000111111111111111111111111111111111111111101111111111111111111111111110001111110011111111103333333333300333333333333333333333333311
113333333303333330000000000000000000000000000333333000000000003300000000330000003000003001111111111111111111111111111111111111111111111101111111111111111110000000111111100000000111111111111111111111111111111111101111111111111111111111111110001111111111111100011333333303000003333333333303333333333311
110033003333303300000000000000000000000000003000000000000000003003330030000000003000003000011111111111111111111111111011111111111111111110011111111111111110000000111111111110000011111111011111111111101111111111111111111111111111111111111110011100111111111110101133330333000000333333333333333333333311
110000300330033000003030000000003330333000000000000000003000003033333330000000003000003000111111111111111111111111110111111111111111111110111111111111111000000000111111111111100001111111000111111111001111111111111111111110111111111111111111111100111011111110111113333330300000333333333333333333333311
110000330300330030333000000000000330030000000000000000003330033333333333300330003003033300111111111111111111111111111111101111111111111111111111111111111111111111000000000101101110000000001000001111001111111111111111111111111111111111111111001111111001011111101111333330030000000333333333333333333311
110000330330000333333030000000000303330000000000000000333333333333000333333003333030003000111111111111111111111111111111111111111111111111111111111111111111111111111111111111101110111110000001001111001111111111111111111111111111111111101111111111111100111111111011333330000030000333333333333333333311
110000330330003333333333000000000000330000000000000000033333333330000333333000333300030000111111111111111111111111111111111111111111111111111111111111111111111111111111111111111111100111010000000111011000111111111111111111111111111111001111111111111111111111111101333330000033003333333333333333333311
110000030303333333333333000000000000300000000000000000033333333300330333333003000000300000011111111111111111001111111111111111101111111111111111111111111111111111111111111111111111011111111000000011111000001111111111111111111111111110000111111111111111111111111101333300033033333333003333333333333311
110000000333333333333333000000000000000000000000000000033333303033330333333003003330000000011111111111111111111111111111111111111111111111111111111111111111111111111111111100111111011111111000111010000000000001110011111111011111111100111111111100011111111111111111333333330033333333333333333333333311
110000000333333333333333000000000000000000000000000000333333303333333333333333333330300000001111111111101111111111111111111111111111111111111111111111111111111111111111111100011111111111111111110110000000000000000000000111003301111300111111111110011111111111111111333333330003333333333333333333303311
110000000333333000333330000000000000000000000000000000333030333333330033333333333330000000000111110110101001111111111111111111111111111111110111111111111111111111111111111100011111111111111111110111111000110000000000000000000000000000011111110111111000011111111110333333333003333333330033333333300011
110000000000000000033330000000000000000000000000000000033333333330033033300333333333330000300000000110111010101111111111111111111111111111111111111111111111111111111111111111001111111111111111111111110111111111111111100000000000000000001111110111001000001111111133333333333303333333333333333333003311
110000000000000000003330000000000000000000000000000003333333333303330000333333303333000300000000000303011000011111111111111111111111111111111111111111111111111111111111111111001111111111111111111111111111111111111111111111111000000000003111111111000000001111111333333330333303333333333333303333033311
110000000000000000000000000000000000000000000000333300333333333333330000033333000003303333000000000000000010111111111111111111111111111111000111111111011111111111111111111111111111111111111111111111111111111111111111111111111111333300000000333333000000000033333030300030333303333333330330033033333311
110000000000000000000000000000000000000000000030033333333333333333300000003000333003303333300000000000000111111111111111111101110111111111000111111111000111111111111111111111111110111000111111111111111011111111111001111111001111133333333000003333333000000003333333000000333300333333330333030003333311
110000000000000000000000000000000033000000000333033333333333333333000030000003333330303333330000000000011111111111111111111101110111111111000011111111000111111111111111111111111111111111111111111111111111111111111111111111111111113333333000000033330000030333333333330000033300033303333333330003033311
110000000000000000000000000000000033000000000303333333333333333333003333330333303333300330333000000003111111111111111111111111111111111111000111111111110111111111111111111111111111111111111111111111111111111111111111111111111111111333333330000000000333333333333333333330333300000033333333333333333311
110000000000000000000000000000000000000000003333333333000330333333333333333303330330000300303330300011111111111111111111111111111111111111000111111111111111111111111111111111111111111111111111111111111111110111111111111111111111111133333333330033000033333333333333333330333333300033333333330330333311
110000000000000000000000000000000000000000000333333330000333033030333333333300333330000033000330030101111111111111111111111111111111111111111111111111110111111111111111111111111111111111111111111110111111111111111101110011111111111133333333333333000003333333333333333333333333330033330033330333333311
110000000000000000000000000000000000000000033333000000000000333330033333333330033333000003003333000111111111111111111111111111111111111111111110001100110111111111111111111111111111111111111111111111111111111111110000000111111111111133333333333333303000333333333333333333333033333003303000033333303311
110000000000000000000000000330000000000000033333000000000000033330003033333333003333333033303333301111111111111111111111111011111111111111111110011111110111111111111111111111111111111111111111111111111110011111100010000001101111111130003333333333333333000333333333333333333003033003333000003333333311
110000000000000000000000000000000000000330333300000000000000003300000030333333003333333003330333301111111111111111111111111111111111111111111110011111111111111111111111111111111111111111111111111111111111111011110110000001111111111130003333333003000033330033333333333333333033033300333030003333330011
110000000000000000000000000000000000000300300000000000000000003000000030333333330300033003333333011111111111111111111111111111111111111111111110111111111111111111111111111111111111110001111111111111111111111111110100000001110100000030003303333030003333333000333333333333333033330330333033333333300011
110000000000000000000000000000000000000330000000000000000000000000000003030033330000003330003333011111111111111111111111111111111111111111111111111111111101111111111111111111111111110001111111111111001111110111110011000000000000000303000003333333333333333300000333300033333033333030333003333333300011
113000000000000000000000000000000000000030000000000000000000000000000000000033330000000330003333331111111111111111111111111111111111111111111111111111111100111111111011111111111111111011111111111111001011110111000111100000010000000333003000003333333333333300300033333333333333333003333003333333330011
113000300000000000000000000000003330000000000000000000000000000000000000003333330000000330000033031111111111110111111111001011111111111111111111111111111111101111111011111110111011101011111111101011000001110000101110000001100000000003003000003333333333333333333000003333333333300003333333333033330011
113000000000000000000000000000333300000000000000000000000000000000000000000030330000000000000000000011111111111111110011001110111111111111111111110101111111100111111111111000110111100011111111000111010000010001101110001101100000000333330000003333333333333333303333000000333333300003333303003333300011
113330000000000000000000000003333000000000000000000000000000000000000000000000000000000000000000003031111111111111111010001110111111111111111111110111111111110111111111111000111101100001111111001100010001010011111111110001100000000000000000003330333333333333333333000000003333000003333300330333003311
113333000000000003300000000333300300000000000000000000000000000000000000000000000000000000000000000000303030001101111111111111111111111111111111111111111111111111111111111000111111000101111111111111111111110111111110110101000000000000000000003300033333333333333333030000000333000003333300330300003311
113333330000000003333000000000300000000000000000000000000330000000000000000000000000000000000000000000300000000300000000000010000000001100111111111111111111111111111111101000000031000101111111111111111111111111111010001110030000000000000000333003333333333333333333033330000033000003333303333000033311
110333333333300333333000000000000000000000000000000000000000000000000000000000000000000000000300000000300000033300000000000000000000000000000111111111111111111111111100101001100331000111111111111111111111111111110001101110000000000000000000333003333333333333333333303333000000003003333333333000033311
110333000000000000000000000000000000000000000000000033333000000000000000000333000333000000000300000000000000000000000000000000030000000000000011111111111111111111100000010001330333001111111111111111111000111111110001111110110000000000000300300000333333333333333033303333330000003330333333300000033311
110000000000000000000000000000000000000000033030000000003333000000000300000030000033000000000000000000000000000000000000000000000000000000333310000111111111111111100000000033333003001111111111111111111110111100000011101110100000000033333300000000330333333333333333303033333330000330330300000300333311
110000000000000000000000000000000000000000000000000000003333333000000000000033000333000000000000000000000000000000000000000000030000000000000030001101111110000111100000000033330003000111101111110111111000111000000011001110000003000333333330000000333333333333333333333003333333000333303303033333333311
110000000000000000000000000000000000000000000000000000000000330003000000000003003333000000000000000000000000000000000300000000000003300000000000000000111100000003333000000033330300000300001011110111111100000000001101110010010003333333333333333000033333333333333003333033333333333000333333333333333311
110000000000000000000000000000000000000000000000000000000000333000000000000003033333000000000000000000000000000000000330300000000303000000000000000000000000000000000000300000000000003330000111111111111000000000001010100011010110333330003330333333333333333333333003333333333033333033300000003333333311
110000000000000000000000000000000000000000000000000000000000003300000000000000333333000000000000000000000000000000000330000000000300000000000000000000000000000000000000000330000000003300000011111111111000000000000000100011111110111000000000333333330333333333330033333300000033330033330000000003333311
110000000000000000000000000000000000000000000000000033330000003303330000000000333333000000000000000000330000000000000000000000000030000000000000000000000000000000000000000300000000003330000001111101111000000000010000000111111111111110001000333333333333333333303030333330000330003333333333300000033311
110000000030000000000000000000000000000000000000000333333300000003333333000000033333000000000000003333333300000000000000000000003030000000000000000000000000000000000000030000000000003330000311111001111000000000000000111111000111111110001111133333333333333333003333003333330300333333330003330000000011
110000000300000000000000000000000000000000000000033330333330333003333333300000033333000000000000000003333330000000000000000000003330000000000000003000000003300000000000000000000000003300000033111001111000110110001111111110000111111111111101133333333333333333300330033330330000333333000000300000033011
110000000000000000000000000000000000000000300000033333333333333330333333033300000000000000000000000003330000000000000003000000000330000000000000000000000000000000000000000333300000000003000033011111111001110111111111111110000111111111111111133333333333333333333300033033333333333333330003003303000011
110000000000000000000000000000000000000000000000033333333333333330333333333300000000000000000000000000030000000000000000000000030000000000000000000000000001011110000000000333000000000000000000000000111011111111111111110111000111111111111011133333333333330033333330330033303303333333303333333333000011
110000000000000000000000000000000300000000000000333333333333333333333333333300000000000000000000000000000000000000000000000003300000030000000000000101000101110000000000003333000000000300000000000000111000000011111111111111111111111111110111103330333333333033333330000303003333333333003333333333330011
110000000000000000000000000000000330000000000000333333333333333333333333333000330000000000000000000000000000000000000000000003000033300000000000000100010010110111000113333330000000000000003330001100111111111111111111111111111111101111111111000333333333333033333333003333033003333000000333333333303311
110000000000000000000000000000003330000000000000003333333333033333333333300000330000000000000000000000000000330000000000000033000033330000000000000001111111111111110113003300000000000300000303033000111110111111111111111111111111111111111001000033330333333333333033333003033033333000003033333333333311
110000000000000000000000000030000330300000000003000333333330033333333333000000000000000000000000000000000003300000000000003333000000000000000010000101111111111111110110000333303000000300000303330003311111111111111111111111111111111111111111000000333333330333333003333333300033333000333333333333333311
110000000000000000000000000000000333300000000333333333333330033333333333000000000000000000000000000000000003300000000000000000030000000000000010111111111111111001110001003333000000000000000333330000311111111111111111111111111111111111111101000033003330333033303300033333303000333300030033333333333311
110000000000000000000000000000000033330303333333333333333333333333333333000000000000000000000000000000000000000000000000003333303000300000001111111111111111111100110111130303000000000000000333300330000011111111111110111111111111111111111001113330000033333330333330033333300000033333030033333333333311
110000000000000000000000000000303333300333333333333333333333333333333333030000000000000000000000000000000000000000000000003333303000300000001111111111111111111110110011103303000000000330000333300030001001111111101111111111111111111111111101111333333333333333333333030333303000003333330333003333333311
110000000000000000000000000000000333300333333333333333333333333333333333000030000000000003000000003030000030000000000000033003330030000010001111111111111111111100110010000300000000000110000033300030000000111110111111111110110111111111111110111133333033330003333333333003303000003333333333003333333311
110000000000000000000000000000003333333333333333303333333333333333333330000300000000000000000000033300000000000000000000333003003003300000110111111111111111111101111110013330000000000110000003003330000010011111111111110110000011111111111101111013333033333303330003303330333333330000333333000033333311
110000000000000000000000000003333333333333333333303333333333333333333333000030000000000000000000003000000000000300000003033003000030000001110011111111111111111111111111113300000000010111000000033300000010111111110111111110110111111111111100100111330033333333000033333333003333033330033000030033333311
110000000000000000000000000033333333333333333333333333333333333333333333000030000000000000000000033330000000000330000003003033000030010001000111111111111111111111011111111300000000011111000000000000300000101111110111111100110111111111111111000000130030333333333333333000300300003333033000333333303311
110000000000000000000000300333333333333000333333030333333333333333333333000003000000000000033000003000000000300033000000303033330300001100001111111111111111111111001111111300000010111111000101030000000000001111110111001001110111111111111111000000133033303033333333333000333000003033330003333333303311
110000000000000000000000333333333333333333333333333333333333333333333330000000300000000000330000000000000000300330330000300000330000001110111111111111111111111111111111111000100011111111111111111100000010000011111111111111111111111111111111100000013003003333333333333333333330333333333033333333330011
110000000000000000000000333333333333330033333333333333333333333333333333000000000000000000300000000000000000300330330003300300000000111111111111111111110111111111111111111000100011111111010001111110000000000001111111111110111111111111111111110001013003303333333033333333003333003333333330333333330011
110000000000000000000000333333333333033333333333333333333333333333333333000000000000000000300000000330000000333330330333330333000300111111111111111111111111111111111111111000111111111111111111111100000000000001111111111111111111111111110111110011111000003333330000003333333333300333333333333333303011
110000000000000000000000333333333333333333333333333333333333333333333333030000000000000000000000003333000003333330330330300333330300111111111111111110111111111111001111111000111100001111111111111110110110000000000111011111111111110011111111111111111000033333330333000333333333333003333333333333330011
110000000000000000000003333333333333333333333333333333333333333333333333330000000000000000000000000303000000333330330000030333333300111111111111111110111111111110000111110000000000111111111111111111110111011110000010001111111111110011111111111111111000033333300330000333033333333003333333333333330011
110000000000000000000003333333333333000303333333333333333333333333333333000000000000000000000000003300000000303333333300030003333111111111111111111110111001111110111111111100010100111111111111111111110111111111000000001111101111111001111111111111111300000033000000000000000333333333003333333330330011
110000000000000000000000333333333000000033333333333333333333333333333333000000300000000000000003300300000000003333303330033300000111111111111111111111110000111111111110111111110111111111111111111111111100101111100000111111001001111111111111111111101300000003000000000000000333333300030033333330000011
110000000000000000000000333333333000003030033333333333333333333333333333033000300000000000000000333300030000003333333000033300001001111111111111111111110011111111111100011111010111111111111110111111111000101111110000111111111111111111111111111111111330000003033333333000300333333330030003333333000011
110000000000000000000000333333330000333333330000033333333333333333333333003000330330000000000033330300000003000330330303333000310111111111111111111111110111111111110000111111111111111111111111111111111101100111110001111111111111111101111111111111111330000000003333333333333333333330300003333333333011
110000000000000003000000033333333300033333300000000333333333333333333333333300003000000000000000003000030000303330033330333000311111111111111111111111111111111111010001101110000111111111111111000110111111111111111001111111111111111111111111111111111003000000000333333333333333333333333330003333333311
110000000000030300000000000303333000033333300000003333333333333333333300303333003000000000000000000000000000333330303000333000011111111111111111111011111111111111110011001111111111111011111111100110111111011011111011111111111111111111111111111111111300000000000333333333333033333333333333330333333311
110000000000030000000000003333000000003333330000000333333333333333333333300330000000000000000000000000000000003333330330033300011111111111111111111110110111111111101111001111111111111011111111100110111111111111111111111111111111111111111111111111113330000000000000003333333300033333333330330003333311
110000000000000000000000003330000000003333333000003333333333333333333330330330000000000000000000000000000000000033330000033331111111111111110111111111111111111110111110011111111111111010111111011111111111111111111101111111111111111111111111111111100300000003330333000033333333333333333333303300030311
110000000000000000000000003300000000033333333000003333333333333333333333330000000330000000000000000003000000000333300000033311111111111111111101111111111111111111111110011111111111111111111111111111111111111111111100111111111111111111111111111111000000000000333333030003333000033333333333333330003311
110000000000000030000000003000000000033333333333033333333333333333333330000000333330000000000000000000000000000330000000030311111111111111111101111111111111111111111110000011011111111011111111111111111111111111000110001111011111111111111011111110033000000000303333330003333330333333333333333333300011
110000000000000000000000000000000000333333333333333333333333333333333330030000033333000000000000000000000000000000000000330011111111111111111111111111011111111001111101001111111111111111111111111111111111111111111111100011111111111111110001111100000000003333333333333333333330330333333333333333333011
110000000000000000000000000000000000333333333333333333333333333333333330030000003330000000000000000000000000000000300000333001111111111111111111111111111111110001101001111111111111111111111111111111111111111111111110110001111111111111110001111130330000033333033033333333333333330333333333333333333311
110000000000000000000000000000000000033333333333333333333333333333333330300000000000000000000000000000000000000003000033333101111111111111111111111111111111110011111111111111111111111111111111111111111111111111111110111110111111111111110011111330000000330333033003333003033333330333333333333330333311
110000000000003333000000003330000000333333333333333333333333333333333330300000000000000000000000000000000000000003000000033101111111111111111011111111111111111011111111111111111111111111111111111111111001111110011111111111111111111111111111113300000000030003333303300000030003333333333333333333033311
110000000000333333000000033333000000333333333333333333333333333333333303000000000000000000000000000000000000000000000000003001111111111111111011111111111111111111111011111111111111111111111111111111111001101111001111000111111111111111111111133000000000333333000003300003000003333333333333333333333311
110000000000333333333300033333000000333333333333330333333333333033333303000000000000000000000000000000000000000000000000000000111111111111111111111111111111111111111001111111111111111111111111111111111001111111111111000011111111111111111111000000000033333333033033030333300333333333333333333333333311
110000000000333333000000000333000003333333333333333333333333333333333000000000000000000000000000000000000000000000000000000011111111111111111111111111111111111111111001111111111111111111111111111111111111111111111111111111111110011111111113000000000000033333303333030300333333333333333333333333333311
110000000000333330000000000300000003333333333333333333333333333333330000000000000000000000000000000000000000000000000000000011111111111111111111111111111111111111110011111111111111111111111111111111111111111111111111111111111111001111111133000300000033000333333030000300333333333333333333333333333311
110000000000333000000000000003000333333333333333333333333333333330000000333300000000000000000000000000000000000000000333000000111111111111101011111111111110111111100111111111111111110101111111111111111111111111111111111111111111101111111333300300003333300000000000000330303333333333333333333333333311
110000000000300000000000000030000003333333333333333333333333333333300003333333300000000000000000000000000000000000330330000000111111111111111000111111011010111111111111111111111111111111111111111111111111111110111111111110111111110111110333330000003333333300000000030333033333333333333333333333333311
110000000000000000000000000000000003333333333333333333333333333033300333333333333000000000000000000000000000000000333330000000111111111111111100111111000000111111111111111111111001111111111111111111111111111110111111101110111111110111110033000000003333033300000003000030033333333333333333333333333311
110000000000000000000000000030000333333333333333333333330333333330003333333333333330000000000000000000000000000000003030000000001111111111111001111110000000111111111111111111111001111111111111111111100111111110111111111110111111000001133000000030003333033333333000000300033333333333333303300000333011
110000000000000000000030000330000030333333333333333333333333333333003303333333333333330330000000000000000000000000003300000000001111111111111111011100001111111111111111111111111011111111111111111111111111111111111111111111111111111110033000000000333333333333333330003333003333333333333300000000000011
110000000000000000000030000300000000333333333333333333333330330333033333333333333333330330000000000000000000000000000300000000001111111111111111110000000000111111011111110111111011111111111111111111111111111111110111111111111111111110033000000003333033333333333300003333003333333333300000000000000011
110330000000000300000330000000000000000333333333333333333333333333333333333333333333333330000000000000000000000000000000000000000011111111111001000000000101111111011111111111111111111111111111111111111111111111110111111111111111111111003300000333300330333333333300333303003333333330000000000000000011
110330000000000000000000000000000000003033333333333303333303333333333333333333333333333330000000000000000000000000000000000000001111111111110010000000010111111110111111111111111111111111111111111111111111111111111111111111111111111110000000000333333333333333333333333003033333333000000000000000000011
110330000000000000000000000000000000003333333333333330333333333333333333333333333300333330000000000000000000000000000000000000001001111111000010000000011001111111111111111111111111111111111111111111111111111111111111111111111111111110030000000033333333333333330030330000033333333000000000000000000011
110333300000000000000000000000000000333333333333333333333033333333333333333333330000333330000000000000000000000000000000000000000001111110000000000000110001111111111111111001111111111111111111111111111111111111111111111111111111111100300000000033333333330000000000000000033333300000000000000000000011
110033000000000000000000000000000000333333333333330033333333333333333333333333333300333330033333000000000003330000000000000000000000111100001000000003100001110111111111111111111111111110111111111111111111111111111111111111111111111000000000000333333300000000000000000000000033330000000000000000000011
110033300000000000000000000000000000333333330333000033333333333000333333333333333030333330033333000003300030030000000000000000000000000000000000000003001011110111111111111111111111111110111111111111111110111111111111111111111111110000000000000333333000000000000000000000033003300000000000000000000011
110033030000000000000000000000000003033333330330000000333333303303333333333333330000003330000330000030333333333330000000000000000000000000000000000000000001111111111111111111111111111110111111111111111111111111111111111111111111110000003000033333330000000000000000000000000000000000000033300000000011
110000333000000000000000000000333333333303333333303303333330003000003333333333000000030333330330000000003333333333000000000000000000000000000000000000001011111110111111111111111111111101111111111111111111111111111111111111111111100000033303333333300000000000000000000000000000000000000033000000000011
110000330000000000000000000000333333333333333333330333333330003330033333333333000000000003333330000003000000003300000000333000000000000000000000000000001011111111111111111111111111111001111111111111111111100111111111111111111111000003030333333333300000000000000000000000000000000000000033300000000011
110003030000000000000000300000333033333333333330333333003330033333033333333333000000000003330000000003000000000000000003000300000000000000000000000000001101111111111111111111111111111001111111111111111111111001111111111111110111001003303333333333000000000000000000000000000000000000000303300000000011
110000333000000000000000000000303333333333333333333300333330033333003333333333000000033333333330000300000000000000000000003000003300000000000000000000000011111111111111110111111111111011111111111111111111111111111111111111111111001000333333333333000000000000000000000000000000000000000303330000000011
110000303000000000000000000000303330333333333333333333330033333333003333333333000000033333333330000300000000000000000000000000003300000000000000000000000011111111111111110011111111110011110111111111111111111111001111111111111111001000033333000000000000000000000000000000000000000000003333330000000011
110000333000000000000000000000303333333333333333333330033300033333033333333333300000033333333330033333330300000000000000000000003003000000000000000000000001111110111111110001111111110001010111111111000000011111111111111111101110011000333330000000000000000000000000000000000000000000003333330000000011
110000333000000000000000000003333333333333333333333333333000330033003333030033000000333330033333333333000030003000000000000000000000000000000000000000000101111111111111111111111111111111101111111111111111100011111111111111001111011003333030000000000000000000000000000000000000000000000333330000000011
110000333000000000000000000003333333333333333333333333333000330000033333000033000000003333003330303303003330000000000000000000000000000000000000000000000001111111111111111111111111111111101111111111111111100011111111111111011111110003333000000000000000000000000000000000000000000000033333330000000011
110000033000000000000000000003333330333333333333333333333030000000033330033333000000000330330330000003000000300000000000000000000000000000000000000000000011111111000111111111011111111011101111111111111111100011111111111110011111110003333000000000000000000000000000000000000000000000333333333000000011
110000030000000000000000000003333333333333333333333333333000000000033333333333000000000000000030000000000033000000000000000000000000000000000000000000001111111111111001111110011111111011111111111111110111111111111111111100111011110003330000000000000000000000000000000000000000000000333333333030000011
110000030000000000000000003333333000333333333333333333030000000000030033333303000000000000030030000000030003000000000000000030000000000000000000000000011111111111111111111110011111111011111111011111110111111111111111111001101111110033330000000000000000000000003030000000000000000003330330000000000011
110000030000000000000330033333333000000033003333333330000000000000000030030000000000000000000000000000000030033000000000000330033000000000000000000000011011111111111111101110011111111111111111111111110111111111111111111001011110100333330000000000000000000000000330000000000000000003030000000000000011
110000000000000000300000033333300000000000000003333033000000000000000000003000000000000000000000000000000000330000000000003333333330000000000000000000011111111111111111111110011111111111111111111111111111111111111001111100111000000303000000000000000000000000030000000000000000000000030000000000000011
110000000000000000300000033333333000000000003303333000000000000000000000000000000000000000000000000000000000030000000000033333333333030000000000000000000111111111111111111110011111111111111111111111111111111111111111111100001000000003000000000000000000000000000000000000000000000033330000000000000011
110000000000000000333000033003330000000000003003333000000000000000000000000000000000000000000000000000000000000000000000333333333333333000000000000000000010111111111111111110011111111111111111111111111111111111111111111100000000000033300000000000000000000000300000000000000000000003000000000000000011
110003330000000000333033033003330000000000000003333033330000000000000000000000000000000000000000000000000000000000000000333303333330000000000000000000000111111111111111111000011101111111111111111111111111111111111111110100000000000033330000000000000000333000000000000000000000000033000000000000000011
110003330000000000330003033333330000000000000000033003300000000000000000000000000000000000000000000000000000000000000000333333333330000000000000000033000111111111111111111000001111111111111111111111111111111111111111100000000000000033330000000000000000003000000000000000000000000000000000000000000011
110003330000000000000333333333330000000000000000000000000000000000000000000000000000000000000000000000000000000000000000333000300000000000030033000003000011111110111111111000000001100111111111111111111111111111111110101000000000000000330000000000000000033003300000000000000000000000000000000000000011
110000000333000003333330333333330000000000000000000000000000000000000000000000000000000000300033330000000000000330000000000000300000000000030300000300331111011100000111110000001010100011111111111111111111111111111111011000000000000000000003300000000000030000300000000000000000000000000000000000000011
110000000333000033333330333333330000000000000000000000000000000000000303000000000000000000000033330000000000003030000000000033000000000000000300000330003110010001010010110000003010100000101111111111111111111111111111011000000000000000000000000000000000003000000000000000000000000000000000000000000011
110000000333000033333330333333300000000000000000000000000000000000033330300000000000000330000000000000333000030000000000000000000000000000333303003333000000010001000000100000103000010000100111111111111111111111111111111000000000000000000000000000000000003000000000000000000000000000000000000000000011
110000003303333333333003333333000000000000000000000000000000000000333000033330000000033333000000000000000000000000003000000000000000000000003030033003000030100000000001001000003000003300100011111111111111111111111111110000000000000000000000000000000000000330000000000000000000000000000000000000000011
110000003333333333333333333333000000000000000000000000000000000003330000000300000000033330000000000000000000000000300000000000000000000000033000003303300330000000000333033000003000003300000001111111111111111111111111110000000000000000000000000000000000000000330300000000000000000000000000000000000011
110000003000303333333333333300000000000000000000000000000033333333330000000003000003330000000000000000000000000000000000000003000000000000030300030033330333000000000333000000030030000003000001111111111111111111111111100000030000000000000000000000000000000333330000000000000000000000000000000000000011
110000000003303333333333333000000000003000000000003300000333330333000000000000300033300000000000000000000000000000000000000000000000000000030330030003333033000000000003000000030030303003003000111111111111111111111111100000030000000000000000000000000000000000000030000000000000000000000000000000000011
110000000000303333333333330000000000000033000000333330000330300000000300000000000033000000000000000000000000000000000000000000000000000030030033330003333033000000000000000000033000333003003000101111111111111111111111100000000000000000000000000000000000000000003330000000000000000000000000000000000011
110000000000303333333333330000000000000330000003303330000330030000000000000000033300000000000000000000000000000000000000000000000003033000030030000300333033300000000000000000033000303300000000000111111110111111111111000000000000000000000000000000030000000000033300000000000000000000000000000000000011
110000000000003333333333330003300000033330000003303330000030030000000000000000000000000000000000000000000000000000000000000000000003333000333330330033333033303000000000000000030000000000000000000001111111111111111100000000000000000000000000000000003330000000033303000000000000000000000000000000000011
110000000000033033333333330033300000033333300033303000000033330000000000000000000000000000000000000000000000000000000000000000000333333333333300330000333033333000000000000000330003000330000000000000001100111110000000000000000000000000000000000000000000330000000030000000000000000000000000000000000011
110000000000033033333333330333000000030333300333333030000033330000000000000000000000000000000000000000000000000000000000000000003333333003333333333000333033333300000000000000000003000000000000000000011111101000000000000000000000000000000000000000000000030000000033000000000000000000000000000000000011
110000000000003333333333330033300000033030003333303330000003000000000000000000000000000000000000000000000000000000000000000000003333330330333333333300000333333000000000000000000000000000000000000330011001000000000000000000000000000000000000000000000000003000000033300000000000000000000000000000000011
110000000000003333333333330033300000003333303333333330000003000000000000000000000000000000000000000000000000000000000003300030033330003033000333333030000333333000000000000000000000000000000000000330010000000000003000000000000000000000000000000000000000000300000003330000000000000000000000000000000011
110000000000003333333333330033300000003333303333333330000003000000000000000000000000000000000000000000000000000000000000000333000333030030000333333000000333330000000000000000000000000030000000000300000000000000003000000330000000000000000000000000000000000330000003333000000000000000000000000000000011
110000000000003333333333330033300000000033333333333330000003000000000000000000000000000000000000000000000000000000000000033300033333333300003033333000000033333000000000000000000000000000000000000000000000000000003000333000000000000000000000000000000000000033000003333333300000000000000000000000000011
110000000000003333333000000033300000000003333333333300000000000000000000000000000000000000000000000000000000000000000300333000303003300003033333333300000000333000000000000000000000000000000000000000000000000000000033333000000000000000000000000000000000000330300000330333330000000000000000000000000011
110000000000000333333000000033300000033003333033333000000000000000000000000000000000000000000000000000000000000000000000000000303003300003303333330300000000000000000000000000000000000000000000000000000000000033330003333000000000000000000000000000000000000330330000030030333000000000000000000000000011
110000000000000003333300000000000000333333333333333000000003000000000000000000000000000000000000000000000000000000000300000000003303300033000033030000000000000000000000000000000000330000000000000030000000003333330000000000000000000000000000000000000000003333330000030000033300000000000000000000000011
110300000000000000000330000000000000003333333333333000000003000000000000000000000000000000000000000000000000000000000330000000033333000000000033000030000000000000000000030000000003000000000000000000000000003333300000000000000000000000000000000000000000000303300000003333003300000000000000000000000011
110330000000000000000000000000000000003333333333330000000003000000000000000000000000000000000000000000000000000000000330000000033330030000000333300000000000000000000000333000000303000000000000000000000000003333300000000000000000000000000000000000000000000303300000003300003330000003000000000000000011
113303000000000000000000000000000000000333303333330000000000000000000000000000000000000000000000000000000000000000000300000000030003033000000000333030003000000000000003330000003333300000000000000000000000003330000000000000000000000000000000000000000000000000000000003303333330000000000000000000000011
113333000000000000000000330000000000000333003300000000000330000000000000000000000000000000000000000000000000000000000000000000330000003300030000333000000333000000000003333000303330000000000000000000000033333300000000000000000000000000000000000000000000000000003000000333000300000000000000000000000011
113333300000000000000003033000000000000333003000000000000330000000000000000000000000000000000000000000000000000000000000000000003000030000033000300000000303000000000000000000300303000000000000000000000333333300000000000000000000000000000000000000000000000000003000000300033300000000000000000000000011
110003000000000000000333003330000000003330000000000000003300000000000000000000000000000000000000000000000000000000003000000000000000003003303303000000003303000000000000003000300033330000000000000000003333333000000000000000000000000000000000000000000000000000003000000000300300000000000000000000000011
110003000000000000000333000333330000000000000000000000033300000000000000000000000000000000000000000000000000000000000300000000000000000330033333330000000300000000000000303000300033330000000000000000000033330000000000000000000000000000000000000000000000000000003000000000333300000000000000000000030011
110000000000000000000333003333330000000000000300000000033000000000000000000000000000000000000000000000000000000000000333303333000000000030033330330000000000000000000000003300000033330000000000000000000033000000000000000000000000000000000000000000000000000000003000000000030000000000000000000000000011
110000000000000000000333003330333000000000003330000000003000000000000000000000000000000000000000000000000000000000000000033333300000000000000000330000000000000000000000033330000033333330000000000000000333330000000000000000000000000000000000000000000000000000000333000000000000000000000000000000000011
110000000000000000000033330000033300000000333330300000030000000000000000000000000000000000000000000000000000000000000000000303333000000000000000000000000000000000000000333330000033333330300000000003333330000000000000000000000000000000000000000000000000000000003333000000000000000000000000000000000011
110000000000000000000003300000003330000000333333300000030000000000000000000000000000000000000000000000000000000000000000000000333300000000000000000000000000000000000003333330000033333330000000000003333330000000000000000000000000000000000000000000000000000000003333300000000000000000000000000000000011
110000000000000000000000330000000033000033333303300000300000000000000000000000000000000000000000000000000000000000000000000000003333000000000000000000000000000000033333333303000033333330033000000003033000000000000000000000000000000000000000000000000000000000000003333333000000000000000000000000000011
110000000000000000000000030000000000300333003303300000300000000000000000000000000000000000000000000000000000000000000000000000000033333333330000000000333330000003333333333003000333333333333000000003003000000000000000000000000000000000000000000000000000000000000033033330300000000000000000000000000011
110000000000000000000000030000000000333333003303300000000000000000000000000000000000000000000000000000000000000000000000000000000003033033333333000003333333333333333330033333000330000000030000000033003000000000000000000000000000000000000000000000000000000000000033033330000000000000000000000000000011
110003330000000000000000000000000000000330033303300000000000000000000000000000000000000000000000000000000000000000000000000000000000000000333333333330033333333333333300000303330000000000000000000333000000000000000000000000000000000000000000000000000000000000000003333300300000000000000000000000000011
113333330000000000000000000000000000000000000303300003300000000000000000000000000000000000000000000000000000000000000000000000000000000000000000003033033033333333330000003303300000000000000003333330000000000000000000000000000000000000000000000000000000000000000000033330000000000000000000000000000011
113333330000000000000000000000000000333000000303000033000000000000000000000000000000000000000000000000000000000000000000000000000000000000000000000000333333333333300000003303000000000000000003333330000000000000000000000000000000000000000000000000000000000000000000033000000000000000000000000000000011
113033000000000000000000000000000000000000000003330030000000000000000000000000000000000000000000000000000000000000000000000000000000000000000000000000333333000000000000000333000000000000333333330300000000000000000000000000000000000000000000000000000000000000000003330000000000000000000000000003000011
110000000000000000000000000000000000000000000000030030000000000000000000000000000000000000000000000000000000000000000000000000000000000000000000000000003000000000000000000300000000000000333333300000000000000000000000000000000000000000000000000000000000000000000003000000000000000000000000000033000011
110000000000000000000000000000000000000000000000000000000000000000000000000000000000000000000000000000000000000000000000000000000000000000000000000000000000000000000030000300000000000000033330000000000000000000000000000000000000000000000000000000000000000000000003000000000000000000000000000033330011
110000000000000000000000000000000000000000000000000000000000000000000000000000000000000000000000000000000000000000000000000000000000000000000000000000000000000000000000003300300000000000000000000000000000000000000000000000000000000000000000000000000000000000000003300000000000000000000000000333333311
110000000000000000000000000000000000000000000000003000000000000000000000000000000000000000000000000000000000000000000000000000000000000000000000000000000000000000003000000003300000003000000000000000000000000000000000000000000000000000000000000000000000000000000000000330000330000000000000033330000311
110000000000000000000000030000000000000000000000000000000000000000000000000000000000000000000000000000000000000000000000000000000000000000000000000000000000000000003000000003300000003000000000000000000000000000000000000000000000000000000000000000000000000000000000000033003330000000000000033330000011
110000000000000000000000000000000000000000000000000000000000000000000000000000000000000000000000000000000000000000000000000000000000000000000000000000000000000000003000000003300000030000030000000000000000000000000000000000000000000000000000000000000000000000000000000000000000330000000000003000000011
110000000000000000000003300000000000000000000000000000000000000000000000000000000000000000000000000000000000000000000000000000000000000000000000000000000000000000000000000000300000030000000000000000000000000000000000000000000000000000000000000000000000000000000000000000000000003000000000330000000011
110000030000000000000033000000000000000000000000000000000000000000000000000000000000000000000000000000000000000000000000000000000000000000000000000000000000000000000000000000000000333000000000000000000000000000000000000000000000000000000000000000000000000000000000000000000000000330000000330000000011
110000003000000033033330000000000000000000000000000000000000000000000000000000000000000000000000000000000000000000000000000000000000000000000000000000000000000000000000000000000003330000000000000000000000000000000000000000000000000000000000000000000000000000000000000000000000000333333333300000000011
110000000000000033330000000000000000000000000000000000000000000000000000000000000000000000000000000000000000000000000000000000000000000000000000000000000000000000000000000003000030000000000000000000000000000000000000000000000000000000000000000000000000000000000000000000000000000000000000000000000011
110000000000000003000000000000000000000000000000000000000000000000000000000000000000000000000000000000000000000000000000000000000000000000000000000000000000000000000000000003000000000000000000000000000000000000000000000000000000000000000000000000000000000000000000000000000000000000000000000000000011
110000000000000033000000000000000000000000000000000000000000000000000000000000000000000000000000000000000000000000000000000000000000000000000000000000000000000000000000000000303300000000000000000000000000000000000000000000000000000000000000000000000000000000000000000000000000000000000000000000000011
110000000000000030000000000000000000000000000000000000000000000000000000000000000000000000000000000000000000000000000000000000000000000000000000000000000000000000000000000000003300000000000000000000000000000000000000000000000000000000000000000000000000000000000000000000000000000000000000000000000011
110000000000000300000000000000000000000000000000000000000000000000000000000000000000000000000000000000000000000000000000000000000000000000000000000000000000000000000000000000003000000000000000000000000000000000000000000000000000000000000000000000000000000000000000000000000000000000000000000000000011
113000000000000000000000000000000000000000000000000000000000000000000000000000000000000000000000000000000000000000000000000000000000000000000000000000000000000000000000000000003000000000000000000000000000000000000000000000000000000000000000000000000000000000000000000000000000000000000000000000000011
110300000000000000000000000000000000000000000000000000000000000000000000000000000000000000000000000000000000000000000000000000000000000000000000000000000000000000000000000000000000000000000000000000000000000000000000000000000000000000000000000000000000000000000000000000000000000000000000000000000011
110033300000003000000000000000000000000000000000000000000000000000000000000000000000000000000000000000000000000000000000000000000000000000000000000000000000000000000000000000000000000000000000000000000000000000000000000000000000000000000000000000000000000000000000000000000000000000000000000000000011
110000000000330000000000000000000000000000000000000000000000000000000000000000000000000000000000000000000000000000000000000000000000000000000000000000000000000000000000000000000000000000000000000000000000000000000000000000000000000000000000000000000000000000000000000000000000000000000000000000000011
110000000000000000000000000000000000000000000000000000000000000000000000000000000000000000000000000000000000000000000000000000000000000000000000000000000000000000000000000000000000000000000000000000000000000000000000000000000000000000000000000000000000000000000000000000000000000000000000000000000011
110000000000000000000000000000000000000000000000000000000000000000000000000000000000000000000000000000000000000000000000000000000000000000000000000000000000000000000000000000000000000000000000000000000000000000000000000000000000000000000000000000000000000000000000000000000000000000000000000000000011
110000000000000000000000000000000000000000000000000000000000000000000000000000000000000000000000000000000000000000000000000000000000000000000000000000000000000000000000000000000000000000000000000000000000000000000000000000000000000000000000000000000000000000000000000000000000000000000000000000000011
110000000000000000000000000000000000000000000000000000000000000000000000000000000000000000000000000000000000000000000000000000000000000000000000000000000000000000000000000000000000000000000000000000000000000000000000000000000000000000000000000000000000000000000000000000000000000000000000000000000011
110000000000000000000000000000000000000000000000000000000000000000000000000000000000000000000000000000000000000000000000000000000000000000000000000000000000000000000000000000000000000000000000000000000000000000000000000000000000000000000000000000000000000000000000000000000000000000000000000000000011
110000000000000000000000000000000000000000000000000000000000000000000000000000000000000000000000000000000000000000000000000000000000000000000000000000000000000000000000000000000000000000000000000000000000000000000000000000000000000000000000000000000000000000000000000000000000000000000000000000000011
110000000000000000000000000000000000000000000000000000000000000000000000000000000000000000000000000000000000000000000000000000000000000000000000000000000000000000000000000000000000000000000000000000000000000000000000000000000000000000000000000000000000000000000000000000000000000000000000000000000011
110000000000000000000000000000000000000000000000000000000000000000000000000000000000000000000000000000000000000000000000000000000000000000000000000000000000000000000000000000000000000000000000000000000000000000000000000000000000000000000000000000000000000000000000000000000000000000000000000000000011
110000000000000000000000000000000000000000000000000000000000000000000000000000000000000000000000000000000000000000000000000000000000000000000000000000000000000000000000000000000000000000000000000000000000000000000000000000000000000000000000000000000000000000000000000000000000000000000000000000000011
110000000000000000000000000000000000000000000000000000000000000000000000000000000000000000000000000000000000000000000000000000000000000000000000000000000000000000000000000000000000000000000000000000000000000000000000000000000000000000000000000000000000000000000000000000000000000000000000000000000011
110000000000000000000000000000000000000000000000000000000000000000000000000000000000000000000000000000000000000000000000000000000000000000000000000000000000000000000000000000000000000000000000000000000000000000000000000000000000000000000000000000000000000000000000000000000000000000000000000000000011
110000000000000000000000000000000000000000000000000000000000000000000000000000000000000000000000000000000000000000000000000000000000000000000000000000000000000000000000000000000000000000000000000000000000000000000000000000000000000000000000000000000000000000000000000000000000000000000000000000000011
110000000000000000000000000000000000000000000000000000000000000000000000000000000000000000000000000000000000000000000000000000000000000000000000000000000000000000000000000000000000000000000000000000000000000000000000000000000000000000000000000000000000000000000000000000000000000000000000000000000011
110000000000000000000000000000000000000000000000000000000000000000000000000000000000000000000000000000000000000000000000000000000000000000000000000000000000000000000000000000000000000000000000000000000000000000000000000000000000000000000000000000000000000000000000000000000000000000000000000000000011
110000000000000000000000000000000000000000000000000000000000000000000000000000000000000000000000000000000000000000000000000000000000000000000000000000000000000000000000000000000000000000000000000000000000000000000000000000000000000000000000000000000000000000000000000000000000000000000000000000000011
110000000000000000000000000000000000000000000000000000000000000000000000000000000000000000000000000000000000000000000000000000000000000000000000000000000000000000000000000000000000000000000000000000000000000000000000000000000000000000000000000000000000000000000000000000000000000000000000000000000011
110000000000000000000000000000000000000000000000000000000000000000000000000000000000000000000000000000000000000000000000000000000000000000000000000000000000000000000000000000000000000000000000000000000000000000000000000000000000000000000000000000000000000000000000000000000000000000000000000000000011
111111111111111111111111111111111111111111111111111111111111111111111111111111111111111111111111111111111111111111111111111111111111111111111111111111111111111111111111111111111111111111111111111111111111111111111111111111111111111111111111111111111111111111111111111111111111111111111111111111111111
111111111111111111111111111111111111111111111111111111111111111111111111111111111111111111111111111111111111111111111111111111111111111111111111111111111111111111111111111111111111111111111111111111111111111111111111111111111111111111111111111111111111111111111111111111111111111111111111111111111111